folioviv|numren|parentesco|sexo|edad|nivel_esc|ing_trab|factor
0773233|1|1|1|36|3|0|913
0773233|2|2|2|40|4|1930.28|913
0773233|3|3|1|26|1|1867.93|913
0382982|1|1|2|73|2|7956.28|1058
0382982|2|2|2|53|3|0|1058
0382982|3|3|1|29|1|3623.49|1058
0382982|4|3|2|38|1|1411.77|1058
0382982|5|3|1|15|3|n.d.|1058
0382982|6|3|2|22|2|0|1058
0382982|7|3|1|16|4|2209.85|1058
0348747|1|1|1|28|0|4861.96|596
0348747|2|2|1|84|2|17070.93|596
0348747|3|4|2|6|4|0|596
0348747|4|3|1|3|4|0|596
0348747|5|3|1|14|1|n.d.|596
0348747|6|3|2|28|2|2404.58|596
0224990|1|1|1|46|1|1422.11|1178
0224990|2|2|1|81|3|6163.45|1178
0224990|3|4|2|28|3|6656.54|1178
0224990|4|3|1|31|5|0|1178
0448777|1|1|2|44|3|7921.35|983
0770039|1|1|2|56|3|0|187
0770039|2|2|2|46|4|4228.97|187
0869136|1|1|2|31|2|2159.9|173
0869136|2|2|1|73|1|4152.55|173
0869136|3|3|2|1|1|0|173
0502830|1|1|2|38|4|8527.82|527
0502830|2|2|1|37|3|2830.01|527
0502830|3|3|2|34|3|3502.87|527
0502830|4|3|1|8|3|0|527
0502830|5|3|1|21|3|2148.81|527
0321531|1|1|1|31|2|3188.07|81
0321531|2|2|1|47|1|1702.33|81
0377210|1|1|1|72|2|7269.01|276
0377210|2|2|1|69|3|0|276
0377210|3|3|1|10|2|0|276
0205991|1|1|2|68|1|1735.36|806
0205991|2|2|2|47|4|16335.81|806
0205991|3|3|2|18|2|1701.12|806
0519385|1|1|2|73|3|8253.39|733
0519385|2|2|1|78|3|4005.83|733
0519385|3|4|1|28|3|2676.21|733
0860303|1|1|1|81|1|10340.58|764
0860303|2|2|1|42|1|1530.81|764
0936615|1|1|1|33|4|0|801
0936615|2|2|1|48|2|0|801
0936615|3|3|2|37|3|4563.26|801
0507703|1|1|2|76|1|4839.88|135
0507703|2|2|1|59|2|5119.33|135
0913292|1|1|1|44|1|1216.21|154
0913292|2|2|1|50|4|17403.59|154
0913292|3|3|2|10|1|0|154
0913292|4|3|1|18|1|856.28|154
0372425|1|1|1|84|2|8683.78|1079
0372425|2|2|2|73|1|4447.53|1079
0372425|3|3|1|37|1|1509.22|1079
0509159|1|1|1|31|2|2703.6|82
0738504|1|1|1|57|4|22995.65|919
0738504|2|2|1|32|2|0|919
0738504|3|3|2|2|2|0|919
0738504|4|4|1|32|4|9175.55|919
0660276|1|1|2|39|4|7784.92|430
0660276|2|2|1|61|1|n.d.|430
0348547|1|1|2|53|3|3047.78|438
0348547|2|2|1|63|0|3913.09|438
0432071|1|1|1|67|5|17308.93|376
0432071|2|2|1|84|4|0|376
0492938|1|1|1|35|1|5466.76|187
0492938|2|2|1|57|5|0|187
0492938|3|3|1|8|3|0|187
0492938|4|3|2|39||3263.56|187
0492938|5|3|2|19|3|1238.13|187
0707051|1|1|1|45|2|0|269
0707051|2|2|1|85|3|0|269
0707051|3|3|2|23|3|2868.72|269
0707051|4|4|2|8|4|0|269
0382409|1|1|1|73|1|5062.32|912
0382409|2|2|2|34|2|4615.91|912
0382409|3|3|2|16|1|1005.14|912
0382409|4|3|1|32|3|4055.68|912
0382409|5|4|2|5|1|0|912
0971082|1|1|2|55|0|3419.5|309
0971082|2|2|1|45|1|2312.07|309
0971082|3|3|1|9|2|0|309
0971082|4|3|1|20|2|2501.84|309
0971082|5|3|2|26|0|1004.33|309
0584549|1|1|2|61|2|7214.77|423
0584549|2|2|1|34|1|0|423
0584549|3|3|2|24|0|0|423
0584549|4|4|2|3|0|0|423
0584549|5|3|1|24|4|6195.05|423
0626573|1|1|2|30|1|1159.24|651
0626573|2|2|1|65|4|0|651
0626573|3|3|2|15|2|2638.28|651
0640709|1|1|1|56|4|11657.98|1256
0640709|2|2|1|28|2|2255.07|1256
0640709|3|3|1|7|4|0|1256
0640709|4|3|1|24|4|0|1256
0640709|5|3|1|14|0|0|1256
0630040|1|1|1|49|3|6054.84|733
0630040|2|2|2|57|3|0|733
0630040|3|3|1|25|3|0|733
0630040|4|3|1|4|0|0|733
0630040|5|3|1|0|4|0|733
0630040|6|3|2|24|2|0|733
0980013|1|1|1|79|1|2276.14|240
0980013|2|2|1|58|1|14807.08|240
0424092|1|1|1|66|0|1558.69|419
0329880|1|1|2|57|1|2706.14|855
0329880|2|2|1|39|2|1869.61|855
0329880|3|3|2|0|3|0|855
0329880|4|4|1|4|0|0|855
0636898|1|1|1|71|2|0|350
0636898|2|2|1|72|3|11062.1|350
0636898|3|3|1|24|2|862.93|350
0636898|4|3|2|40|4|7077.68|350
0636898|5|3|1|29|1|1190.12|350
0636898|6|3|2|25|3|1035.57|350
0424483|1|1|1|43|1|3785.66|784
0271317|1|1|1|78|0|1736.24|387
0271317|2|2|1|53|3|3553.76|387
0824121|1|1|1|40|4|15068.18|277
0824121|2|2|1|78|2|7923.15|277
0913003|1|1|1|29|4|9114.98|1182
0913003|2|2|1|999|4|3603.17|1182
0913003|3|3|1|26|2|2792.42|1182
0851711|1|1|2|24|0|1777.57|670
0851711|2|2|1|41|2|3052.09|670
0851711|3|4|2|6|4|0|670
0387885|1|1|2|87|2|8110.45|579
0387885|2|2|1|27|3|2564.79|579
0387885|3|3|1|6|4|0|579
0387885|4|3|2|37|4|6348.49|579
0178429|1|1|1|43|4|5111.99|1007
0178429|2|2|1|27|4|3983.28|1007
0178429|3|3|2|16|5|10676.73|1007
0196096|1|1|2|55|1|2959.28|239
0196096|2|2|2|66|1|3711|239
0196096|3|3|2|11|1|0|239
0196096|4|3|1|4|3|0|239
0196096|5|3|2|999|4|0|239
0298584|1|1|2|62|4|11733.95|1382
0178229|1|1|1|79|2|14753.26|693
0178229|2|2|1|72|4|12139.15|693
0178229|3|4|1|33|2|4230.69|693
0800279|1|1|1|39|4|4673.07|1329
0800279|2|2|2|66|2|5197.8|1329
0800279|3|3|2|19|4|6095.44|1329
0283642|1|1|1|66|2|0|1298
0736602|1|1|2|83|2|7779.55|791
0736602|2|2|1|43|2|3569.3|791
0297022|1|1|1|57|3|0|236
0297022|2|2|2|999|2|0|236
0297022|3|4|1|8|4|0|236
0297022|4|3|2|24|2|2549.3|236
0219951|1|1|2|76|1|1917.43|926
0219951|2|2|1|24|4|3432.86|926
0449063|1|1|1|33|3|2459.61|527
0449063|2|2|1|30|3|8608.05|527
0449063|3|4|2|36|2|0|527
0401591|1|1|1|35|2|2059.26|409
0401591|2|2|1|34|3|0|409
0401591|3|3|2|19|2|2260|409
0859047|1|1|2|40|3|3678.83|294
0859047|2|2|1|80|1|2348.59|294
0859047|3|4|1|33|4|5314.85|294
0859047|4|3|1|11|5|0|294
0439246|1|1|2|78|2|0|352
0439246|2|2|2|66|2|6198.96|352
0702387|1|1|1|24|3|0|463
0702387|2|2|2|67|2|5974.13|463
0702387|3|3|2|34|3|0|463
0750786|1|1|1|38|5|17740.47|875
0750786|2|2|2|38|2|4309.75|875
0815305|1|1|2|60|5|5192.95|1306
0815305|2|2|1|77|4|23312.31|1306
0815305|3|3|2|5|1|0|1306
0815305|4|3|2|16|2|1420.17|1306
0815305|5|3|2|35|2|1748.7|1306
0815305|6|3|2|13|4|0|1306
0815305|7|3|2|19|4|5226.37|1306
0773283|1|1|1|35|3|3630.35|1292
0773283|2|2|1|80|0|4076.79|1292
0773283|3|3|2|29|3|1782.27|1292
0361255|1|1|1|64|0|1666.35|91
0361255|2|2|1|71|3|7062.53|91
0361255|3|3|2|39|4|6521.2|91
0361255|4|4|2|10|2|0|91
0390784|1|1|1|26||1662|583
0390784|2|2|2|27|1|2025.44|583
0390784|3|3|1|38|4|0|583
0638425|1|1|1|59|4|9931.86|1253
0638425|2|2|2|45|4|3829.98|1253
0638425|3|3|2|38|2|3081.31|1253
0119688|1|1|2|78|4|26939.09|505
0443927|1|1|2|79|1|3165.68|400
0443927|2|2|1|48|4|4716.28|400
0443927|3|3|2|20|2|2288.05|400
0128514|1|1|2|69|2|12503.19|1358
0128514|2|2|2|47|2|n.d.|1358
0256316|1|1|1|26|3|1007.43|709
0256316|2|2|1|31|2|5766.74|709
0681997|1|1|2|88|3|9109.56|972
0681997|2|2|1|48|3|6275.94|972
0681997|3|4|2|22|5|8208.76|972
0681997|4|3|2|24|1|0|972
0681997|5|3|1|18|3|2095.47|972
0152426|1|1|2|65|1|0|1274
0152426|2|2|1|79|1|1363.05|1274
0485835|1|1|1|68|4|15570.31|256
0485835|2|2|1|26|3|2060.08|256
0485835|3|3|1|31|2|1952.56|256
0251356|1|1|1|31|2|1955.04|302
0251356|2|2|2|999|3|3923.93|302
0251356|3|3|2|21|0|1686.9|302
0251356|4|3|2|17|4|4110.1|302
0461718|1|1|2|65|1|0|888
0461718|2|2|2|39|2|0|888
0461718|3|3|1|4|0|0|888
0272690|1|1|1|81|1|10281|1223
0272690|2|2|1|45|1|n.d.|1223
0272690|3|3|2|0|1|0|1223
0272690|4|3|1|35|3|2257.16|1223
0109926|1|1|1|49|3|2255.74|1043
0109926|2|2|1|42|4|10835.08|1043
0390618|1|1|1|68|2|5327.31|153
0390618|2|2|1|53|2|2544.4|153
0390618|3|3|2|23|2|2378.15|153
0915361|1|1|1|79|4|11201.75|162
0915361|2|2|1|69|2|0|162
0628444|1|1|2|56|2|0|835
0628444|2|2|2|87|4|19801.46|835
0300905|1|1|1|59|2|6022.19|1291
0300905|2|2|2|35|2|3111.27|1291
0300905|3|4|2|22|4|6070.19|1291
0300905|4|3|2|33|3|2884.79|1291
0323826|1|1|2|41|5|10201.46|1381
0323826|2|2|1|56|3|0|1381
0323826|3|3|2|9|3|0|1381
0593157|1|1|1|75|3|4384|718
0593157|2|2|1|44|4|4421.53|718
0593157|3|4|2|31|2|4296.25|718
0593157|4|3|2|14|3|0|718
0770338|1|1|1|49|3|1496.78|624
0770338|2|2|2|51|0|2017.99|624
0770338|3|4|2|21|5|4977.68|624
0770338|4|3|2|4|4|0|624
0770338|5|3|1|26|3|10333.48|624
0769201|1|1|2|80|1|8077.67|317
0815034|1|1|1|51|1|1201.12|82
0289595|1|1|1|999|1|5064.35|750
0289595|2|2|1|42|3|5829.65|750
0289595|3|3|2|27|3|0|750
0820751|1|1|1|66|1|1747.27|920
0820751|2|2|1|53|2|0|920
0820751|3|4|1|16|3|2653.75|920
0820751|4|3|2|21|3|3214.77|920
0820751|5|3|2|12|2|0|920
0820751|6|3|1|7|1|0|920
0570316|1|1|1|72|3|5604.93|864
0570316|2|2|2|24|5|5213.29|864
0481118|1|1|2|56|5|14367.4|426
0205868|1|1|2|56|2|4339.73|717
0205868|2|2|2|76|1|3670.25|717
0205868|3|3|2|40|4|4548.7|717
0769859|1|1|2|70|0|3510.78|569
0769859|2|2|2|46|2|0|569
0769859|3|3|2|20|4|9709.01|569
0768822|1|1|1|26|3|3486.84|1208
0768822|2|2|1|59|1|2788.68|1208
0768822|3|3|2|36|4|0|1208
0768822|4|3|2|19|1|1761.41|1208
0950177|1|1|1|54|2|10740.39|548
0266501|1|1|1|63|4|5255.41|870
0266501|2|2|2|54|3|9820.83|870
0266501|3|3|1|12|4|0|870
0266501|4|3|1|10|1|0|870
0266501|5|4|1|33|4|3457.67|870
0266501|6|3|1|3|3|0|870
0520722|1|1|1|44|3|4239|1023
0520722|2|2|1|78|2|11351.89|1023
0873316|1|1|1|27|5|19706.56|952
0873316|2|2|1|43|5|0|952
0873316|3|3|2|3|1|0|952
0496697|1|1|2|30|4|2913.86|1088
0496697|2|2|2|73|4|23784.07|1088
0496697|3|3|1|18|3|4436.31|1088
0496697|4|3|2|1|3|0|1088
0496697|5|3|2|37|1|0|1088
0496697|6|3|1|26|3|2877.45|1088
0350412|1|1|2|55|2|0|797
0350412|2|2|1|999|2|5435.8|797
0350412|3|3|1|8|1|0|797
0350412|4|3|1|23|1|1964.32|797
0942995|1|1|2|28|4|14083.72|1210
0942995|2|2|1|78|1|6390.81|1210
0942995|3|3|1|38|0|2487.28|1210
0942995|4|3|2|32|1|0|1210
0942995|5|3|1|6|2|0|1210
0942995|6|3|1|17|1|1161.56|1210
0951969|1|1|2|30|3|2833.56|849
0805124|1|1|1|25|4|2265.85|495
0805124|2|2|2|82|4|16031.63|495
0381868|1|1|1|70|4|8541.07|758
0381868|2|2|2|51|4|3260.62|758
0516936|1|1|1|26|3|3142.09|661
0516936|2|2|1|74|2|8454.45|661
0846230|1|1|1|54|1|1216.3|1255
0846230|2|2|1|86|3|8949.9|1255
0846230|3|3|1|24|2|6476.83|1255
0846230|4|4|1|11|4|0|1255
0926162|1|1|1|76|3|0|1392
0926162|2|2|1|88|3|13167.05|1392
0926162|3|3|2|0|2|0|1392
0673250|1|1|1|81|4|10246.32|367
0673250|2|2|2|50|3|3818.21|367
0673250|3|4|2|29|0|850.27|367
0673250|4|3|1|6|1|0|367
0801999|1|1|1|28|4|4121.11|734
0801999|2|2|1|999|5|9227.72|734
0896750|1|1|1|71|0|2689.98|443
0907857|1|1|1|38|4|5680.01|604
0284253|1|1|2|26|1|1358.76|975
0284253|2|2|1|66|2|4244.4|975
0284253|3|4|1|31|1|767.63|975
0284253|4|3|1|23|3|1701.86|975
0284253|5|3|1|25|2|1194.89|975
0284253|6|3|1|999|3|0|975
0754749|1|1|1|69|2|2982.1|591
0754749|2|2|1|62|2|0|591
0260037|1|1|1|53|3|10454.31|840
0260037|2|2|1|81|1|2566.41|840
0260037|3|3|2|10|1|0|840
0573043|1|1|2|35|2|4009.59|805
0573043|2|2|2|51|2|2395.83|805
0573043|3|3|2|32|3|2223.72|805
0496208|1|1|2|64|5|26493.11|1089
0496208|2|2|2|42|1|3032.63|1089
0496208|3|3|2|34|2|2607.86|1089
0496208|4|3|2|31|1|2247.93|1089
0496208|5|3|2|32|1|1708.4|1089
0496208|6|3|1|19|4|2966.24|1089
0496208|7|3|2|15|2|0|1089
0729688|1|1|1|35|5|9798.15|445
0729688|2|2|2|63|3|8876.41|445
0729688|3|3|2|29|2|0|445
0633481|1|1|1|25|2|630.54|164
0633481|2|2|2|85|2|0|164
0633481|3|3|1|14|4|0|164
0847612|1|1|1|53|4|8840.22|1154
0847612|2|2|1|72|3|17812.33|1154
0847612|3|3|1|9|1|0|1154
0847612|4|3|2|39|5|5599.38|1154
0748064|1|1|1|76|4|43211.11|316
0748064|2|2|1|72|2|5186.53|316
0748064|3|3|1|12|2|0|316
0748064|4|3|2|39|4|0|316
0748064|5|3|2|13|2|0|316
0380985|1|1|2|41|1|2528.83|1194
0380985|2|2|1|46|1|708.48|1194
0380985|3|3|1|25|3|0|1194
0380985|4|3|2|11|4|0|1194
0380985|5|3|2|11|3|0|1194
0187769|1|1|2|60|1|3177.33|226
0202474|1|1|1|88|1|8681.61|1194
0202474|2|2|2|84|2|10653.23|1194
0202474|3|3|1|5|1|0|1194
0202474|4|3|1|10|3|0|1194
0328846|1|1|1|25|0|555.07|995
0328846|2|2|1|32|0|0|995
0328846|3|3|1|39|4|3366.58|995
0328846|4|3|2|38|4|8674.33|995
0328846|5|3|1|2|2|0|995
0272114|1|1|2|80|0|3266.81|1205
0272114|2|2|2|42|3|6965.86|1205
0272114|3|4|2|4|4|0|1205
0354309|1|1|1|30|5|4115.49|439
0354309|2|2|1|41|2|6093.82|439
0354309|3|3|2|28|4|0|439
0184168|1|1|1|69|4|8576.84|995
0184168|2|2|1|79|2|6379.78|995
0184168|3|4|2|1|2|0|995
0184168|4|3|1|36|4|14854.06|995
0755000|1|1|1|26|1|1130.06|400
0179917|1|1|2|53|4|0|190
0179917|2|2|1|27|4|4771.42|190
0179917|3|3|2|2|4|0|190
0179917|4|3|1|35|2|2291.92|190
0179917|5|3|2|22|3|1740.78|190
0179917|6|3|2|37|2|3482.05|190
0218365|1|1|1|67|3|8931.18|559
0690879|1|1|2|81|1|9338.34|428
0690879|2|2|2|27|0|0|428
0690879|3|4|1|11|2|0|428
0690879|4|3|1|20|2|1720.46|428
0442873|1|1|2|73|3|0|383
0442873|2|2|2|63|3|14256.23|383
0442873|3|3|2|5|3|0|383
0442873|4|3|2|33|1|5599.44|383
0847799|1|1|1|58|1|3528.16|515
0847799|2|2|2|73|1|1999.3|515
0847799|3|3|1|21|3|4071.2|515
0847799|4|3|1|20|4|5004.02|515
0847799|5|3|1|8|4|0|515
0578245|1|1|1|40|1|7620.22|1090
0578245|2|2|2|58|2|8486.56|1090
0578245|3|3|2|8|4|0|1090
0687852|1|1|1|47|3|1786.08|554
0687852|2|2|1|44|3|6271.81|554
0687852|3|3|2|31|2|1753.71|554
0620014|1|1|2|56|4|6502.64|178
0620014|2|2|2|39|1|839.98|178
0620014|3|3|2|6|2|0|178
0620014|4|3|1|18|4|2540.39|178
0660722|1|1|1|79|3|6185.47|118
0660722|2|2|2|74|0|4433.97|118
0660722|3|3|1|999|1|0|118
0660722|4|3|1|3|1|0|118
0909967|1|1|1|88|0|6038.68|1055
0439850|1|1|1|37|4|13468.33|690
0439850|2|2|1|54|2|0|690
0173391|1|1|1|61|1|5716.26|1270
0173391|2|2|1|35|3|1743.57|1270
0173391|3|3|1|38|1|2165.5|1270
0173391|4|3|2|26|1|0|1270
0173391|5|3|1|2|4|0|1270
0201342|1|1|2|75|3|5053.51|157
0201342|2|2|2|64|2|0|157
0201342|3|3|1|16|1|800.2|157
0278491|1|1|2|27|0|2630.04|520
0278491|2|2|2|37|4|4188.31|520
0278491|3|3|1|9|1|0|520
0278491|4|3|1|10|2|0|520
0278491|5|3|1|18|2|2927.44|520
0918884|1|1|1|86|4|16441.28|235
0918884|2|2|1|71|3|11360.1|235
0491908|1|1|2|43|2|1604.27|208
0491908|2|2|1|30|1|1468.05|208
0491908|3|3|2|21|2|0|208
0491908|4|3|1|36|4|4891.57|208
0491908|5|3|2|13|0|n.d.|208
0491908|6|3|2|26|5|6604.27|208
0511720|1|1|2|29|3|13365.17|1236
0511720|2|2|2|57|3|14410.82|1236
0511720|3|3|2|30|3|4081.34|1236
0947783|1|1|2|86|2|7139.74|271
0947783|2|2|2|88|3|14412.15|271
0947783|3|3|2|7|5|0|271
0947783|4|3|1|26|2|3971.77|271
0455885|1|1|2|38|0|705.62|953
0455885|2|2|2|55|3|3342.91|953
0455885|3|4|2|0|1|0|953
0455885|4|3|1|23|1|1963.31|953
0523208|1|1|1|27|1|988.74|104
0523208|2|2|2|88|1|4851.03|104
0523208|3|3|2|5|3|0|104
0523208|4|3|1|30|4|2882.88|104
0523208|5|3|2|27|3|4093.46|104
0143295|1|1|1|60|4|10758.77|1214
0447622|1|1|2|41|4|13243.88|260
0447622|2|2|2|53|4|0|260
0447622|3|3|1|29|0|1055.15|260
0447622|4|3|1|16|2|0|260
0447622|5|3|2|34|5|0|260
0447622|6|3|1|34|1|3577.68|260
0149625|1|1|1|64|4|15971.99|449
0149625|2|2|2|62|2|5435.18|449
0149625|3|3|1|8|5|0|449
0149625|4|3|2|15|2|1926.95|449
0149625|5|4|2|30|4|0|449
0961508|1|1|1|58|2|0|200
0961508|2|2|1|61|4|10887.83|200
0961508|3|3|2|39|4|2374.26|200
0961508|4|3|2|31|2|7525.31|200
0961508|5|3|2|28|2|723.52|200
0141767|1|1|1|71|2|0|796
0141767|2|2|1|68|1|1561.43|796
0701088|1|1|1|72|1|0|1046
0701088|2|2|1|27|3|9771.28|1046
0572529|1|1|1|42|4|6376.42|107
0572529|2|2|2|58|1|4755.14|107
0572529|3|4|2|35|4|6968.99|107
0572529|4|3|2|10|2|0|107
0161814|1|1|2|32|2|4561.79|1137
0587436|1|1|1|46|1|2094.77|1099
0431091|1|1|2|64|4|9084.49|1214
0431091|2|2|1|46|2|0|1214
0762127|1|1|1|31|1|1626.23|483
0762127|2|2|2|61|0|2128.18|483
0762127|3|3|2|40|2|5579.14|483
0762127|4|3|2|1|4|0|483
0762127|5|3|2|23|5|5524.51|483
0762127|6|4|1|20|1|2861.71|483
0762127|7|3|1|30|1|1667.48|483
0109628|1|1|2|41|2|4047.25|83
0109628|2|2|2|85|2|7378.21|83
0109628|3|3|1|6|1|0|83
0109628|4|3|1|1|1|0|83
0473022|1|1|1|54|4|5277|661
0473022|2|2|1|52|2|3061.03|661
0473022|3|3|1|27|2|0|661
0843837|1|1|1|63|4|6531.18|1313
0843837|2|2|2|63|3|3458.19|1313
0890247|1|1|1|39|2|n.d.|1360
0890247|2|2|2|62|2|4510.08|1360
0890247|3|3|2|9|3|0|1360
0890247|4|3|2|35|2|7612.64|1360
0890247|5|3|2|36|1|1668.14|1360
0890247|6|4|1|999|4|3522.66|1360
0890247|7|3|1|14|4|0|1360
0703657|1|1|1|63|2|3171.48|94
0703657|2|2|1|73|3|8886.04|94
0703657|3|3|2|9|2|0|94
0360131|1|1|1|40|2|3553.17|349
0360131|2|2|1|85|2|7821.2|349
0360131|3|3|2|39|2|3706.83|349
0258653|1|1|2|34|5|6880.12|961
0190610|1|1|2|44|2|0|552
0190610|2|2|1|30|4|4676|552
0190610|3|4|1|35|2|3601.04|552
0924476|1|1|1|999|3|7389.53|265
0924476|2|2|1|32|3|3216.94|265
0626640|1|1|2|59|3|9394.08|825
0626640|2|2|1|73|5|5514.86|825
0626640|3|3|2|22|1|705.45|825
0626640|4|3|2|28|3|2321.18|825
0204549|1|1|1|82|2|11613.51|864
0777820|1|1|1|43|4|13099.75|994
0777820|2|2|1|67|0|2669.95|994
0238120|1|1|2|49|3|2926.2|648
0238120|2|2|1|70|1|4590.96|648
0238120|3|3|2|40|4|7974.4|648
0238120|4|3|2|14|3|0|648
0371461|1|1|1|70|1|2138.53|192
0371461|2|2|2|81|5|22329.31|192
0371461|3|3|2|26|2|1362.51|192
0371461|4|3|1|11|4|0|192
0335255|1|1|1|30|2|4472.95|1279
0335255|2|2|1|62|2|3573.66|1279
0335255|3|4|2|18|1|2817.22|1279
0335255|4|4|2|999|4|5235.37|1279
0335255|5|3|1|26|4|2858.69|1279
0341040|1|1|1|72|1|1991.35|1150
0341040|2|2|1|74|4|0|1150
0341040|3|3|2|39|1|1963.25|1150
0341040|4|3|1|26|2|1000.16|1150
0341040|5|3|2|14|1|0|1150
0341040|6|3|1|14|3|0|1150
0881072|1|1|1|62|3|4591.97|689
0881072|2|2|2|65|0|838.51|689
0881072|3|3|2|15|4|5697.03|689
0881072|4|3|2|13|0|0|689
0669279|1|1|1|42|2|4366.91|749
0669279|2|2|2|27|5|8025.27|749
0669279|3|3|1|27|1|0|749
0321301|1|1|2|57|3|4464.96|453
0321301|2|2|2|30|0|0|453
0189925|1|1|1|54|3|4639.86|363
0189925|2|2|2|50|3|9817.99|363
0189925|3|3|1|19|2|1725.78|363
0721168|1|1|2|81|3|12098.68|427
0721168|2|2|2|85|3|11285.16|427
0721168|3|3|1|1|3|0|427
0875687|1|1|1|28|2|6693.42|833
0875687|2|2|1|69|1|4022.31|833
0875687|3|3|1|31|1|2130.63|833
0875687|4|4|2|38|3|3630.67|833
0172484|1|1|2|29|1|1803.98|509
0172484|2|2|1|28|4|0|509
0172484|3|4|2|32|2|3484.44|509
0336383|1|1|2|44|5|6472.93|256
0914710|1|1|2|61|1|2825.9|583
0914710|2|2|1|43|4|8607.3|583
0914710|3|3|2|34|3|5106.2|583
0914710|4|3|2|0|2|0|583
0914710|5|3|1|22|2|1245.82|583
0366105|1|1|1|79|0|6187.42|957
0366105|2|2|2|59|2|5151.26|957
0366105|3|3|2|30|2|1438.06|957
0274549|1|1|1|53|3|5382.27|416
0274549|2|2|2|87|1|8101.18|416
0165393|1|1|1|87|5|29576.67|1318
0165393|2|2|2|50|3|3944.01|1318
0394943|1|1|1|43|1|4657.89|503
0394943|2|2|2|66|5|18076.36|503
0682309|1|1|2|54|1|3404.78|1274
0682309|2|2|1|76|3|8749.94|1274
0141534|1|1|2|28|1|1029.61|855
0141534|2|2|2|27|1|0|855
0141534|3|3|2|29|2|0|855
0588763|1|1|1|53|3|0|1118
0588763|2|2|1|41|4|0|1118
0588763|3|3|1|33|1|1169.31|1118
0588763|4|4|2|7|0|0|1118
0588763|5|3|1|24|4|11332.23|1118
0255996|1|1|1|71|4|0|1054
0255996|2|2|2|67|2|6269.89|1054
0255996|3|3|2|11|5|0|1054
0241858|1|1|2|87|2|4055.58|611
0241858|2|2|2|77|4|18874.05|611
0791729|1|1|2|56|2|3235.22|486
0791729|2|2|2|44|2|0|486
0791729|3|3|1|8|3|0|486
0791729|4|3|2|7|5|0|486
0791729|5|3|1|7|2|0|486
0449847|1|1|2|50|3|0|179
0449847|2|2|2|26|5|10348.62|179
0449847|3|3|1|31|1|2742.66|179
0220222|1|1|2|65|3|5366.92|971
0220222|2|2|1|65|2|8249.47|971
0220222|3|3|2|32|3|0|971
0599189|1|1|1|83|4|7537.78|1255
0599189|2|2|1|37|2|1982.23|1255
0599189|3|3|2|8|3|0|1255
0599189|4|3|2|21|3|0|1255
0599189|5|3|2|19|4|5721.9|1255
0788508|1|1|1|29|1|1992.85|1116
0788508|2|2|2|60|1|6553.13|1116
0788508|3|3|1|33|3|1306.73|1116
0788508|4|3|1|1|3|0|1116
0750662|1|1|2|42|2|6655.02|1320
0750662|2|2|2|85|3|0|1320
0963153|1|1|1|48|1|5851.83|1012
0963153|2|2|1|79|2|5666.31|1012
0963153|3|3|1|5|1|0|1012
0963153|4|3|1|38|1|0|1012
0963153|5|3|1|7|3|0|1012
0963153|6|3|1|12|4|0|1012
0313179|1|1|1|24|3|5075.06|1326
0313179|2|2|1|63|4|10727.49|1326
0313179|3|3|1|39|2|1310.22|1326
0313179|4|3|2|38|2|3045.57|1326
0961894|1|1|2|57|1|0|1341
0961894|2|2|1|40|1|2248.65|1341
0548023|1|1|2|56|2|6791.46|136
0548023|2|2|1|84|1|5573.87|136
0548023|3|3|2|5|4|0|136
0548023|4|4|2|24|4|5402.95|136
0548023|5|3|2|32|2|1521.95|136
0528110|1|1|2|78|3|3847.33|826
0528110|2|2|2|77|4|5324.02|826
0301204|1|1|1|45|3|2703.89|570
0301204|2|2|1|44||4364.9|570
0301204|3|3|1|31|1|1913.25|570
0543591|1|1|2|47|1|3016.36|519
0543591|2|2|2|80|1|4608.39|519
0543591|3|3|2|0|4|0|519
0554891|1|1|2|36|1|1971.34|1240
0554891|2|2|1|86|1|5767.95|1240
0554891|3|4|1|0|4|0|1240
0949482|1|1|1|66|2|2381.58|1365
0574515|1|1|1|81|2|7848.49|937
0574515|2|2|2|41|2|2652.46|937
0574515|3|4|1|24|5|7992.18|937
0727613|1|1|2|51|3|5827.93|245
0727613|2|2|1|45|1|0|245
0177082|1|1|1|50|4|0|246
0177082|2|2|2|58|3|13558.55|246
0177082|3|3|2|38|2|2540.26|246
0569552|1|1|1|68|3|9402.21|1225
0569552|2|2|2|65|4|12411.97|1225
0569552|3|3|2|38|3|2752.24|1225
0619564|1|1|1|52|2|7499.51|1063
0619564|2|2|1|74|4|21685.1|1063
0619564|3|3|1|29|1|1724.32|1063
0467677|1|1|2|28|1|1392.21|766
0467677|2|2|1|68|2|5201.96|766
0467677|3|3|2|13|5|0|766
0467677|4|3|1|19|5|17590.35|766
0797285|1|1|1|31|3|4551.34|648
0797285|2|2|2|45|2|0|648
0797285|3|3|1|9|1|0|648
0797285|4|3|1|33|3|4078.43|648
0692026|1|1|1|88|2|5444.16|749
0692026|2|2|1|41|5|4415.27|749
0692026|3|3|2|35|2|3608.27|749
0861702|1|1|1|50|2|3375.79|757
0861702|2|2|2|65|3|12457.68|757
0861702|3|3|2|16|2|1650.24|757
0861702|4|3|1|37|1|1665.65|757
0861702|5|3|2|16|3|4677.41|757
0436531|1|1|2|87|2|4185.01|542
0436531|2|2|1|30|2|5278.48|542
0436531|3|3|1|26|2|0|542
0436531|4|3|1|2|1|0|542
0419028|1|1|1|64|1|5724.73|1096
0419028|2|2|1|58|1|2139.88|1096
0419028|3|4|1|9|1|0|1096
0162509|1|1|2|32|1|4381.63|491
0162509|2|2|1|80|3|19919.2|491
0394775|1|1|1|37|3|4675.81|1130
0394775|2|2|1|35|2|3008.53|1130
0394775|3|3|2|20|2|1708.27|1130
0394775|4|3|2|31|1|1673.8|1130
0394775|5|3|1|10|4|0|1130
0295491|1|1|2|52|3|1597.08|1065
0295491|2|2|2|43|1|2415.49|1065
0295491|3|3|1|999|3|4429.07|1065
0295491|4|3|1|31|3|3343.83|1065
0295491|5|3|1|4|4|0|1065
0343922|1|1|2|88|3|11776.1|1301
0343922|2|2|1|34|2|2659.1|1301
0343922|3|3|1|9|0|0|1301
0343922|4|3|1|27|1|415.66|1301
0953953|1|1|1|39|2|0|1345
0953953|2|2|1|73|3|7557.51|1345
0953953|3|3|2|37|3|3000.84|1345
0953953|4|3|2|36|2|0|1345
0953953|5|4|2|25|5|0|1345
0836432|1|1|1|79|1|6088.51|1124
0492394|1|1|1|44|2|5040.65|267
0492394|2|2|1|77|2|7126.72|267
0492394|3|3|2|18|3|1887.98|267
0492394|4|4|2|9|4|0|267
0492394|5|3|2|38|2|10743.67|267
0492394|6|3|1|12|2|0|267
0861732|1|1|1|65|3|7869.97|506
0861732|2|2|1|29|1|1347.85|506
0468451|1|1|1|70|3|0|537
0468451|2|2|2|74|3|5296.93|537
0468451|3|3|1|3|1|0|537
0985271|1|1|1|76|4|0|380
0985271|2|2|2|52|3|1948.1|380
0985271|3|3|1|20|3|4017.38|380
0985271|4|3|2|0|1|0|380
0640670|1|1|1|76|3|4760.07|458
0640670|2|2|2|36|1|0|458
0640670|3|4|1|3|2|0|458
0109886|1|1|1|26|1|1636.87|486
0109886|2|2|1|999|2|0|486
0109886|3|3|1|25|4|0|486
0556973|1|1|1|34|2|3789.04|209
0556973|2|2|2|51|2|6988.33|209
0741853|1|1|1|62|1|2249.29|641
0741853|2|2|1|27|0|0|641
0741853|3|3|2|31|2|3531.76|641
0741853|4|3|2|17|0|0|641
0741853|5|3|2|12|3|0|641
0741853|6|3|2|999|3|0|641
0573050|1|1|1|80|4|14600.64|280
0573050|2|2|1|64|1|2261.18|280
0573050|3|3|1|13|3|0|280
0573050|4|3|2|7|1|0|280
0573050|5|3|2|23|2|1516.42|280
0703999|1|1|2|55|3|6522.88|453
0703999|2|2|2|35|4|0|453
0694322|1|1|1|75|2|5506.97|1011
0694322|2|2|2|30|1|1897.08|1011
0694322|3|3|2|7|1|0|1011
0105274|1|1|1|64|3|3781.93|1058
0105274|2|2|2|63|1|4290.26|1058
0105274|3|3|1|26|3|2877.84|1058
0105274|4|3|1|34|3|0|1058
0105274|5|3|1|14|0|0|1058
0333812|1|1|1|87|1|11792.42|313
0333812|2|2|1|27|5|0|313
0333812|3|3|2|18|2|2845.88|313
0333812|4|3|1|18|2|0|313
0118701|1|1|2|75|2|7348.84|777
0118701|2|2|2|66|4|11794.76|777
0118701|3|3|1|34|2|0|777
0453909|1|1|1|50|2|1899.93|147
0609032|1|1|2|80|1|5164.98|580
0172777|1|1|2|64|2|5627.01|527
0172777|2|2|1|36|2|0|527
0172777|3|4|2|1|2|0|527
0172777|4|4|2|0|2|0|527
0172777|5|3|2|30|1|1979.59|527
0697191|1|1|2|45|2|1441.56|1168
0697191|2|2|1|31|1|3600.98|1168
0697191|3|3|1|36|4|0|1168
0840037|1|1|1|86|3|5936.68|631
0840037|2|2|1|54|2|5062.89|631
0840037|3|3|2|26|3|2158.41|631
0840037|4|3|2|0|2|0|631
0256030|1|1|2|999|4|3171.03|900
0256030|2|2|2|999|2|15728.67|900
0256030|3|3|2|10|1|0|900
0194242|1|1|1|84|4|0|1367
0194242|2|2|1|27|3|1148.78|1367
0194242|3|3|2|29|3|2474.09|1367
0194242|4|3|2|26|1|944.04|1367
0812102|1|1|1|27|1|1057.77|478
0786632|1|1|2|82|1|0|1191
0786632|2|2|2|74|3|n.d.|1191
0786632|3|3|2|28|2|2221.57|1191
0786632|4|4|1|4|2|0|1191
0786632|5|3|1|22|1|0|1191
0786632|6|3|2|18|1|1863.7|1191
0355661|1|1|1|70|1|4437.85|804
0355661|2|2|2|40|1|2336.24|804
0355661|3|3|1|34||3196.52|804
0316762|1|1|1|35|2|2474.84|1348
0316762|2|2|1|52|1|2994.26|1348
0419928|1|1|1|32|5|5580.2|315
0419928|2|2|2|29|4|3985.4|315
0419928|3|3|2|38|5|0|315
0419928|4|3|1|19|3|1711.8|315
0310303|1|1|2|55|2|1568.83|774
0310303|2|2|2|39|4|0|774
0310303|3|3|2|19|1|0|774
0822779|1|1|1|70|0|3969.66|1122
0822779|2|2|1|83|4|n.d.|1122
0477110|1|1|1|73|1|5049.27|648
0477110|2|2|1|88|1|7496.12|648
0477110|3|3|1|8|3|0|648
0477110|4|3|2|32|2|7751.56|648
0269747|1|1|1|32|5|0|253
0269747|2|2|2|79|5|79129.96|253
0348069|1|1|2|59|3|3508.05|543
0348069|2|2|2|73|5|26500.87|543
0348069|3|4|2|36|1|0|543
0301770|1|1|1|47|3|2845.22|986
0301770|2|2|1|27|2|964.97|986
0385604|1|1|2|57|2|2514.79|176
0385604|2|2|1|88|1|0|176
0385604|3|3|1|27|3|2972.42|176
0385604|4|3|2|34|2|5045.78|176
0662182|1|1|1|82|2|0|654
0662182|2|2|2|41|2|3213.21|654
0662182|3|3|2|33|3|0|654
0662182|4|4|2|18|4|4569.37|654
0662182|5|3|2|9|2|0|654
0662182|6|3|1|35|2|3415.05|654
0431582|1|1|1|70|3|28369.04|404
0431582|2|2|1|87|2|12802.55|404
0431582|3|3|2|4|2|0|404
0600003|1|1|1|62|2|4998.83|136
0600003|2|2|2|60|2|8160.27|136
0600003|3|3|2|36|2|4072.58|136
0676252|1|1|1|29|3|3623.55|103
0676252|2|2|2|36|1|2139.25|103
0382918|1|1|1|24|1|785.35|690
0382918|2|2|1|26|4|7649.3|690
0382918|3|4|1|22|5|0|690
0382918|4|3|1|34|2|2783.2|690
0382918|5|3|1|3|0|0|690
0382918|6|3|2|18|1|1049.87|690
0382918|7|3|2|7|2|0|690
0995444|1|1|1|67|2|7050.36|325
0995444|2|2|1|72|1|2366.1|325
0995444|3|4|2|14|4|0|325
0534126|1|1|1|87|2|11046.72|870
0534126|2|2|2|83|1|6188.83|870
0435960|1|1|2|24|2|2638.61|92
0435960|2|2|2|53|3|7972.55|92
0435960|3|3|2|8|0|0|92
0435960|4|3|2|1|1|0|92
0435960|5|3|2|29|2|0|92
0178456|1|1|1|76|2|5421.86|1009
0178456|2|2|2|28|5|6054.5|1009
0178456|3|3|1|17|2|2362.29|1009
0178456|4|3|1|3|3|0|1009
0496743|1|1|1|33|1|1435.95|155
0496743|2|2|2|85|5|20282.06|155
0496743|3|3|1|33|5|7029.76|155
0661177|1|1|1|88|1|0|122
0661177|2|2|1|38|1|2964.6|122
0661177|3|3|1|14|3|0|122
0661177|4|3|1|20|1|1240.42|122
0321797|1|1|2|26|3|0|1063
0321797|2|2|2|31|3|0|1063
0321797|3|4|1|11|3|0|1063
0321797|4|3|2|3|1|0|1063
0526322|1|1|1|87|4|19123.18|1057
0526322|2|2|2|56|3|4671.6|1057
0526322|3|3|1|35|3|5259.57|1057
0526322|4|3|2|20|2|4452.87|1057
0621686|1|1|1|31|0|956.32|801
0621686|2|2|1|88|0|4754.42|801
0621686|3|3|2|13|4|0|801
0621686|4|3|1|24|4|5695.84|801
0865758|1|1|1|58|1|6992.85|1298
0865758|2|2|2|41|2|4469.33|1298
0865758|3|3|2|28|1|0|1298
0865758|4|3|1|28|3|3610.62|1298
0865758|5|3|2|0|3|0|1298
0160749|1|1|2|78|3|3943.04|439
0160749|2|2|2|50|2|3405.99|439
0160749|3|3|1|4|4|0|439
0160749|4|3|1|32|2|3157.95|439
0710468|1|1|1|34|2|1954.96|169
0710468|2|2|1|34|3|2038.28|169
0710468|3|3|2|25|2|1013.48|169
0710468|4|4|1|19|0|818.46|169
0710468|5|4|2|0|2|0|169
0620643|1|1|2|26|3|4097.91|641
0620643|2|2|1|40|3|1797.69|641
0620643|3|3|2|2|4|0|641
0353600|1|1|1|39|3|9406.48|1377
0353600|2|2|2|45|2|0|1377
0289517|1|1|1|25|5|8175|991
0289517|2|2|2|86|2|6360.04|991
0289517|3|4|2|15|2|3202.25|991
0289517|4|3|2|39|1|883.96|991
0289517|5|3|2|1|5|0|991
0418184|1|1|2|38|3|5819.98|819
0418184|2|2|2|56|1|5861.33|819
0715709|1|1|2|34|4|2419.07|614
0715709|2|2|1|58|4|4396.36|614
0715709|3|3|1|1|5|0|614
0715709|4|3|2|12|4|0|614
0715709|5|4|1|26|2|3762.37|614
0715709|6|3|1|25|4|5157.76|614
0715709|7|3|1|18|0|866.32|614
0700167|1|1|2|86|3|7167.95|307
0700167|2|2|1|79|2|0|307
0395591|1|1|1|51|2|2410.75|343
0395591|2|2|2|79|3|4849.03|343
0395591|3|3|1|33|4|0|343
0395591|4|3|2|29|1|0|343
0395591|5|3|2|20|4|2618.89|343
0395591|6|3|1|23|4|6635.27|343
0428610|1|1|1|81|2|5743.52|96
0428610|2|2|1|70|1|4235.32|96
0428610|3|3|1|29|4|7226.1|96
0904295|1|1|1|49|1|4365.98|483
0904295|2|2|2|59|3|5247.16|483
0904295|3|3|1|21|2|2342.46|483
0904295|4|3|2|4|1|0|483
0904295|5|3|1|20|1|1148.43|483
0405224|1|1|1|73|3|9998.14|1139
0405224|2|2|1|28|0|3888.6|1139
0405224|3|3|2|23|1|1800.19|1139
0321593|1|1|2|30|2|0|226
0321593|2|2|2|30|2|4758.33|226
0321593|3|3|1|12|2|0|226
0685358|1|1|1|62|1|1806.58|503
0685358|2|2|2|28|1|2094.4|503
0584251|1|1|1|60|4|4473.38|1218
0584251|2|2|1|42|3|3693.94|1218
0584251|3|3|2|3|1|0|1218
0251239|1|1|2|76|3|7842.87|1224
0251239|2|2|1|58|2|2044.11|1224
0804204|1|1|1|60|3|15464.76|1253
0804204|2|2|2|68|1|0|1253
0804204|3|3|1|11|4|n.d.|1253
0804204|4|3|2|1|2|0|1253
0495103|1|1|2|63|1|3954.35|1079
0276928|1|1|2|70|3|6754.95|1303
0276928|2|2|2|36|2|5316.25|1303
0276928|3|3|2|19|2|1266.93|1303
0276928|4|3|1|39|3|4490.06|1303
0606318|1|1|1|28|3|0|410
0870791|1|1|1|88|3|0|221
0870791|2|2|2|36|5|8721.99|221
0870791|3|3|1|2|4|0|221
0870791|4|3|1|24|1|0|221
0870791|5|3|2|12|1|0|221
0407580|1|1|2|44|2|2397.29|1198
0407580|2|2|2|86|1|3940.83|1198
0407580|3|3|1|10|4|0|1198
0407580|4|3|1|5|3|0|1198
0407580|5|4|2|12|3|0|1198
0211965|1|1|1|76|3|6479.47|1398
0211965|2|2|2|73|2|0|1398
0211965|3|3|1|8|2|0|1398
0211965|4|3|1|999|3|4975.27|1398
0327267|1|1|1|64|2|7697.7|784
0327267|2|2|1|53|4|0|784
0327267|3|3|1|5|1|0|784
0327267|4|3|2|19|2|1049.02|784
0327267|5|4|2|29|3|5590.38|784
0247243|1|1|1|76|4|4563.66|274
0247243|2|2|1|84|1|8601.32|274
0152912|1|1|1|76|2|5992.95|261
0152912|2|2|2|82|2|3643.97|261
0152912|3|3|1|12|4|0|261
0152912|4|3|1|0|3|0|261
0781161|1|1|1|66|1|0|523
0961766|1|1|1|26|1|0|179
0961766|2|2|1|79|3|11252.31|179
0961766|3|3|1|37|2|2875.77|179
0961766|4|3|2|25|0|617.86|179
0768412|1|1|1|77|2|4884.16|471
0768412|2|2|1|48|1|0|471
0768412|3|4|1|17|3|0|471
0624617|1|1|1|74|2|2843.33|1200
0572483|1|1|1|47|3|6004.68|126
0572483|2|2|2|31|4|3545.28|126
0572483|3|3|1|24|4|5188.59|126
0572483|4|3|1|0|2|0|126
0572483|5|4|2|29|1|3863.04|126
0335880|1|1|1|65|0|2222.75|956
0999457|1|1|2|50|1|3995.9|1038
0999457|2|2|1|54|2|0|1038
0999457|3|3|1|26|0|0|1038
0999457|4|3|2|28|0|1616.15|1038
0154138|1|1|1|67|1|2810.78|868
0174291|1|1|1|28|3|1963.04|1173
0174291|2|2|1|84|3|11775.17|1173
0174291|3|3|2|10|2|0|1173
0174291|4|3|1|34|1|608.73|1173
0425631|1|1|2|87|1|6935.59|862
0425631|2|2|1|88|5|19053.24|862
0425631|3|3|1|40|1|1312.02|862
0425631|4|3|2|17|4|3703.53|862
0887590|1|1|1|45|3|2169.23|500
0887590|2|2|1|81|3|12751.94|500
0887590|3|3|1|39|2|3283.63|500
0887590|4|3|2|7|3|0|500
0887590|5|3|1|15|2|1653.51|500
0294115|1|1|2|51|2|3743.76|943
0294115|2|2|1|86|2|8371.23|943
0294115|3|3|2|6|1|0|943
0294115|4|3|2|2|5|0|943
0294115|5|3|2|37|4|0|943
0294115|6|3|1|28|5|4984.85|943
0294115|7|3|1|29|5|3730.83|943
0434513|1|1|1|31|4|4548.73|1000
0434513|2|2|2|40|3|5935.12|1000
0657550|1|1|2|35|0|3181.31|510
0657550|2|2|2|38|1|2411.31|510
0657550|3|3|1|11|3|0|510
0657550|4|3|1|23|0|2598.56|510
0982627|1|1|2|43|1|4375.44|426
0982627|2|2|1|60|3|7485.17|426
0612211|1|1|1|34|2|0|1267
0612211|2|2|2|81|2|9312.82|1267
0605823|1|1|2|37|2|3081.36|607
0605823|2|2|1|68|0|2408.25|607
0605823|3|3|1|0|2|0|607
0605823|4|4|2|19|1|1133.17|607
0605823|5|3|1|34|2|1079.19|607
0605823|6|3|2|28|4|2120.99|607
0605823|7|4|2|15|2|1746.7|607
0188704|1|1|2|76|2|2254.68|1227
0188704|2|2|2|80|2|6029.83|1227
0296371|1|1|1|33|1|1433.46|161
0296371|2|2|1|52|3|5703.09|161
0296371|3|4|1|1|0|0|161
0296371|4|3|2|21|4|2501.46|161
0247218|1|1|2|26|3|1596|774
0247218|2|2|2|65|4|0|774
0247218|3|3|1|29|2|1313.72|774
0880846|1|1|2|84|1|5093.03|344
0880846|2|2|2|63|0|2109.59|344
0241293|1|1|2|69|5|6587|230
0241293|2|2|2|63|1|5025.62|230
0595898|1|1|1|54|1|1539.85|561
0595898|2|2|1|63|1|4029.73|561
0595898|3|4|1|24|3|766.1|561
0595898|4|3|1|15|3|3222.77|561
0269143|1|1|1|69|3|0|347
0269143|2|2|1|79|3|12238.37|347
0778076|1|1|1|30|3|3264.45|828
0224293|1|1|1|36|3|1962.51|1353
0601834|1|1|2|82|2|11601.98|147
0601834|2|2|2|24|2|0|147
0601834|3|3|1|13|3|0|147
0478152|1|1|1|39|2|2972.08|729
0478152|2|2|1|41|4|0|729
0478152|3|3|1|17|2|1583.66|729
0424547|1|1|2|52|1|1736.1|454
0424547|2|2|2|75|3|5236.57|454
0424547|3|3|1|28|4|17161.65|454
0424547|4|3|1|8|3|0|454
0544481|1|1|2|61|3|7010.11|1263
0544481|2|2|1|72|1|4312.72|1263
0544481|3|3|2|23|3|2956.64|1263
0544481|4|3|1|10|2|0|1263
0741778|1|1|1|49|4|4156.08|949
0741778|2|2|2|60|0|2465.39|949
0692535|1|1|1|25|1|0|270
0692535|2|2|1|78|1|5836.73|270
0778714|1|1|1|71|3|8270.61|495
0778714|2|2|1|26|3|3491.46|495
0778714|3|4|2|23|1|983.32|495
0778714|4|3|2|40|2|4890.54|495
0778714|5|3|1|9|4|0|495
0778714|6|3|2|4|1|0|495
0636089|1|1|2|77|1|8575.61|984
0612437|1|1|1|43|1|948.22|140
0612437|2|2|1|76|3|14721.92|140
0218840|1|1|2|25|3|2756.08|1143
0218840|2|2|1|26|3|5131.96|1143
0218840|3|3|1|13|0|0|1143
0577772|1|1|1|31|1|0|510
0577772|2|2|2|59|2|8635.6|510
0375587|1|1|1|64|1|0|1111
0375587|2|2|1|78|1|6419.95|1111
0375587|3|3|2|27|3|6207.22|1111
0859680|1|1|1|54|3|4679.32|491
0859680|2|2|2|73|1|4242.27|491
0680442|1|1|2|55|4|10669.48|207
0680442|2|2|1|65|4|6180.51|207
0680442|3|3|1|0|3|0|207
0735660|1|1|2|82|2|6629.13|1217
0256349|1|1|2|84|2|0|496
0256349|2|2|1|80|5|13450.26|496
0256349|3|3|1|11|2|0|496
0833953|1|1|1|74|2|4875.22|1268
0833953|2|2|2|36|4|2637.51|1268
0235578|1|1|1|49|4|1597.1|426
0235578|2|2|2|39|0|2668.96|426
0235578|3|3|2|20|3|2852.79|426
0235578|4|3|1|35|1|0|426
0235578|5|3|1|19|2|870.59|426
0235578|6|3|2|22|1|3533.44|426
0504584|1|1|1|64|2|7133.45|707
0504584|2|2|2|47|2|2906.53|707
0504584|3|3|2|27|2|5241.96|707
0238902|1|1|2|67|1|5552.44|262
0982248|1|1|2|36|3|4407.31|957
0982248|2|2|2|56|2|3102.2|957
0925575|1|1|1|72|2|6279.44|124
0925575|2|2|1|60|2|5918.27|124
0925575|3|3|1|13|1|0|124
0925575|4|3|1|27|1|2429.2|124
0542910|1|1|2|36|3|0|487
0542910|2|2|2|24|3|2896.61|487
0996929|1|1|2|77|1|4126.01|912
0996929|2|2|1|24|1|4792.17|912
0996929|3|3|1|40|3|3798.93|912
0185692|1|1|1|53|5|7661.25|808
0185692|2|2|1|65|3|0|808
0817537|1|1|1|29|5|2860.42|110
0817537|2|2|2|85|3|25669.6|110
0110768|1|1|1|49|1|0|281
0626096|1|1|2|53|1|0|950
0626096|2|2|1|88|2|6061.95|950
0626096|3|3|1|12|2|0|950
0626096|4|3|2|28|1|996.18|950
0179103|1|1|1|64|4|7726.45|105
0179103|2|2|2|74|1|4105.88|105
0179103|3|3|2|34|1|2121.79|105
0179103|4|3|1|2|2|0|105
0359373|1|1|1|61|3|19543.1|430
0359373|2|2|1|85|2|0|430
0359373|3|3|2|9|1|0|430
0359373|4|3|1|39|3|8585.96|430
0359373|5|3|2|11|2|0|430
0312489|1|1|1|39|2|3169.04|834
0312489|2|2|1|72|1|4094.29|834
0312489|3|3|2|33|3|1686.32|834
0525999|1|1|1|85|4|28166.46|949
0525999|2|2|1|70|2|3319.39|949
0525999|3|3|1|17|4|2901.69|949
0525999|4|3|2|22|4|5808.28|949
0525999|5|3|2|0|3|0|949
0804348|1|1|1|74|2|8210.93|997
0804348|2|2|1|57|1|0|997
0888757|1|1|1|42|5|14742.6|1321
0888757|2|2|2|70|4|10293.94|1321
0592247|1|1|1|47|1|665.08|884
0592247|2|2|1|28|3|0|884
0592247|3|4|1|31|5|5439.04|884
0592247|4|3|1|29|1|1536.28|884
0592247|5|3|1|23|5|8428.62|884
0592247|6|3|2|8|3|0|884
0291558|1|1|2|39|0|1926.27|427
0291558|2|2|1|70|2|4679.12|427
0291558|3|3|1|11|1|0|427
0291558|4|3|2|14|2|0|427
0291558|5|3|1|33|3|5408.64|427
0111500|1|1|1|42|1|921.5|393
0111500|2|2|1|38|1|2124.67|393
0444654|1|1|1|54|2|0|703
0444654|2|2|2|80|5|15027.44|703
0444654|3|3|1|2|3|0|703
0444654|4|3|1|24|1|1522.74|703
0444654|5|3|1|23|2|0|703
0444654|6|3|1|11|5|0|703
0546613|1|1|1|45|4|15572.36|941
0546613|2|2|2|60|2|3352.47|941
0498714|1|1|2|32|4|3653.16|1025
0498714|2|2|2|31|4|7516.36|1025
0498714|3|3|2|18|4|4738.77|1025
0838235|1|1|1|50|3|7294.62|824
0838235|2|2|1|999|4|12602.65|824
0476699|1|1|1|55|2|2832.89|1309
0476699|2|2|1|25|3|0|1309
0476699|3|4|1|37|2|3326.11|1309
0476699|4|3|1|25|2|3394.34|1309
0476699|5|3|2|3|1|0|1309
0476699|6|4|2|28|3|4077.99|1309
0345030|1|1|1|75|0|1789.18|1096
0345030|2|2|2|36|3|832.18|1096
0345030|3|3|1|25|3|5873.49|1096
0126564|1|1|1|67|3|5612.5|80
0126564|2|2|2|31|3|3380.79|80
0126564|3|3|2|33|3|2604.83|80
0126564|4|4|2|10|2|0|80
0182467|1|1|2|70|3|0|476
0182467|2|2|1|83|1|1945.68|476
0182467|3|3|2|18|2|1131.2|476
0182467|4|3|1|12|2|0|476
0182467|5|3|1|4|3|0|476
0182467|6|3|2|28|4|0|476
0182467|7|3|2|15|2|0|476
0621943|1|1|2|64|1|1988.18|618
0621943|2|2|2|86|2|4123.13|618
0621943|3|3|1|28|3|3275.92|618
0621943|4|3|1|28|4|3843.81|618
0621943|5|3|2|31|2|5081.2|618
0621943|6|4|2|38|3|2648.77|618
0621943|7|3|2|29|4|8484.29|618
0433905|1|1|1|69|4|5491.26|843
0433905|2|2|1|55|3|3166.15|843
0433905|3|4|1|28|1|1516.31|843
0196078|1|1|1|69|5|0|188
0196078|2|2|1|87|4|0|188
0196078|3|4|1|36|1|2751.87|188
0874205|1|1|2|30|1|0|237
0874205|2|2|1|75|2|0|237
0874205|3|3|2|18|2|1602.74|237
0552359|1|1|1|38|1|3600.24|1385
0552359|2|2|1|33|2|0|1385
0552359|3|3|2|23|3|2055.82|1385
0552359|4|4|1|23|3|0|1385
0552359|5|3|2|12|1|0|1385
0127629|1|1|1|49|1|3530.91|129
0127629|2|2|2|84|4|11524.2|129
0127629|3|3|2|13|4|0|129
0127629|4|3|1|15|4|6513.5|129
0127629|5|3|2|15|1|986.19|129
0127629|6|4|2|20|2|3610.53|129
0909824|1|1|1|79|0|2945.35|1135
0909824|2|2|1|72|2|7223.89|1135
0909824|3|3|1|39|1|1932.99|1135
0909824|4|3|2|39|2|2256.45|1135
0909824|5|3|2|5|1|0|1135
0707590|1|1|2|29|4|2938.63|309
0707590|2|2|2|81|4|8327.95|309
0707590|3|3|2|1|1|0|309
0659882|1|1|1|71|3|12114.66|1001
0510281|1|1|2|34|1|1160.78|1122
0923615|1|1|1|63|3|4585.98|931
0923615|2|2|2|27|2|2048.26|931
0923615|3|3|2|14|4|0|931
0666155|1|1|1|24|2|0|1026
0666155|2|2|1|48|1|3636.45|1026
0666155|3|4|2|11|4|0|1026
0276642|1|1|1|82|4|17175.08|364
0276642|2|2|1|80|2|14964|364
0648807|1|1|1|70|4|5974.32|962
0723954|1|1|2|84|3|0|112
0560003|1|1|2|71|2|0|483
0560003|2|2|2|85|2|4049.28|483
0269160|1|1|1|58|4|5735.29|753
0269160|2|2|2|24|3|3966.01|753
0269160|3|3|2|34|4|4409.08|753
0776323|1|1|1|61|2|8835.57|620
0776323|2|2|2|74|5|0|620
0349110|1|1|2|48|3|0|1226
0349110|2|2|2|29|1|1046.12|1226
0823479|1|1|1|30|4|12499.67|116
0823479|2|2|2|87|1|11198.73|116
0823479|3|3|2|38|2|2396.48|116
0823479|4|3|2|10|4|0|116
0795135|1|1|1|41|2|2163.72|1102
0414689|1|1|1|67|5|0|460
0414689|2|2|1|29|2|1454.17|460
0414689|3|3|1|22|3|1488.03|460
0414689|4|3|1|21|3|4570.27|460
0772214|1|1|1|26|5|8136.31|843
0772214|2|2|1|73|2|8800.16|843
0772214|3|3|2|37|1|0|843
0772214|4|3|2|2|0|0|843
0734171|1|1|2|58|4|8137.56|1297
0734171|2|2|2|60|5|6433.54|1297
0734171|3|3|2|30|0|0|1297
0136615|1|1|1|47|4|8479.68|192
0136615|2|2|1|46|2|0|192
0136615|3|4|2|1|1|0|192
0136615|4|3|1|0|4|0|192
0943793|1|1|2|63|2|0|1153
0943793|2|2|2|49|1|4043.86|1153
0943793|3|3|2|40|3|7220.45|1153
0943793|4|3|2|1|3|0|1153
0675482|1|1|1|57|4|8987.59|898
0675482|2|2|2|40|5|20133.5|898
0675482|3|3|2|31|1|939.99|898
0103765|1|1|2|62|1|1766.47|1140
0103765|2|2|2|28|4|0|1140
0103765|3|3|1|33|4|14401.74|1140
0103765|4|4|1|1|4|0|1140
0103765|5|3|2|33|4|3210.06|1140
0103765|6|3|2|36|3|3020.74|1140
0103765|7|3|1|36|1|2493.82|1140
0146633|1|1|2|40|0|871.05|165
0146633|2|2|1|71|5|0|165
0146633|3|3|2|17|3|n.d.|165
0146633|4|3|1|9|3|0|165
0515453|1|1|1|81|4|7928.03|1389
0515453|2|2|2|84|1|2973.53|1389
0515453|3|3|2|36|4|8240.74|1389
0359076|1|1|2|53|4|7233.15|309
0359076|2|2|2|34|1|1209.54|309
0293044|1|1|1|62|1|4009.42|583
0293044|2|2|2|36|2|3696.17|583
0293044|3|4|1|17|1|0|583
0215832|1|1|1|40|2|2991.19|1360
0215832|2|2|2|30|1|1347.57|1360
0215832|3|3|1|5|3|0|1360
0215832|4|3|2|0|2|0|1360
0554606|1|1|1|72|2|0|1145
0554606|2|2|1|67|1|3677.2|1145
0554606|3|3|2|29|2|0|1145
0198499|1|1|1|58|5|0|95
0198499|2|2|2|30|2|929.58|95
0198499|3|3|2|14|0|0|95
0367792|1|1|1|68|5|9175.02|1110
0367792|2|2|1|49|3|0|1110
0367792|3|3|1|33|1|3377.63|1110
0876031|1|1|1|43|1|3237.39|277
0876031|2|2|1|80|1|0|277
0166486|1|1|1|48|2|3146.27|1246
0166486|2|2|1|45|1|1372.2|1246
0166486|3|3|2|10|4|0|1246
0858241|1|1|2|82|1|5586.56|765
0412201|1|1|2|59|3|5277.88|1396
0412201|2|2|1|36|1|3173.4|1396
0412201|3|3|2|9|2|0|1396
0412201|4|3|1|32|3|0|1396
0412201|5|3|1|33|2|1573.84|1396
0412201|6|3|2|25|2|0|1396
0992653|1|1|1|24|2|3230.82|466
0992653|2|2|1|51|4|2683.27|466
0707186|1|1|1|77|5|6559.41|778
0707186|2|2|1|72|5|11781.71|778
0707186|3|3|2|33|3|3517.74|778
0127117|1|1|2|48|3|5480.44|823
0127117|2|2|1|68|4|7002.01|823
0127117|3|3|1|28|2|3942.85|823
0447258|1|1|1|51|3|6058.98|1250
0447258|2|2|1|28|0|2241.91|1250
0356828|1|1|1|63|2|4577.48|194
0356828|2|2|1|86|3|5616.09|194
0356828|3|3|2|26|4|4074.47|194
0356828|4|3|2|29|3|2649.39|194
0145796|1|1|1|51|1|0|1240
0145796|2|2|1|51|3|3161.6|1240
0145796|3|3|1|26|1|1989.96|1240
0145796|4|4|1|22|2|2703.21|1240
0145796|5|3|1|11|4|0|1240
0790271|1|1|1|54|4|6631.19|1163
0790271|2|2|1|64|1|2397.67|1163
0790271|3|4|1|38|2|5904.19|1163
0790271|4|3|1|13|1|0|1163
0790271|5|3|1|18|4|2489.99|1163
0790271|6|3|2|36|2|4883.7|1163
0830962|1|1|1|32|3|3075.04|115
0830962|2|2|2|78|4|5643.33|115
0830962|3|4|1|36|4|11345.15|115
0592286|1|1|2|41|1|1714.29|1301
0592286|2|2|1|82|2|6177.51|1301
0592286|3|4|1|23|1|835.69|1301
0592286|4|3|1|22|3|2507.17|1301
0592286|5|3|1|24|2|1596.77|1301
0778456|1|1|1|42|2|2084.26|225
0778456|2|2|1|35|5|9401.26|225
0778456|3|3|1|3|1|0|225
0778456|4|3|1|19|1|1146.5|225
0872634|1|1|1|79|2|5467.17|147
0872634|2|2|1|40|2|1662.74|147
0454726|1|1|1|31|2|2837.48|754
0157044|1|1|1|70|3|6308.41|933
0157044|2|2|2|35|2|5976.36|933
0271564|1|1|1|79|2|14414.31|675
0271564|2|2|1|60|2|10302.2|675
0271564|3|3|2|20|3|3771.5|675
0271564|4|3|2|26|3|6772.16|675
0271564|5|3|2|29|1|968.13|675
0271564|6|3|1|31|1|1017.13|675
0941514|1|1|1|49|4|6596.8|263
0941514|2|2|1|71|2|n.d.|263
0941514|3|3|2|15|0|0|263
0941514|4|3|1|35|0|2051.76|263
0759938|1|1|1|26|0|834.32|1295
0759938|2|2|2|69|3|11367.08|1295
0759938|3|3|2|26|0|0|1295
0759938|4|3|2|31|3|3317.09|1295
0759938|5|3|2|23|4|3225.16|1295
0701664|1|1|2|80|4|11769.43|898
0701664|2|2|2|87|1|0|898
0673236|1|1|1|83|0|2364.01|863
0673236|2|2|2|56|1|3088.08|863
0673236|3|3|1|2|3|0|863
0673236|4|3|2|26|3|0|863
0673236|5|3|1|10|2|0|863
0673236|6|3|2|13|5|0|863
0144005|1|1|2|80|3|0|249
0292165|1|1|2|64|1|5100.52|115
0292165|2|2|2|53|1|1851.81|115
0292165|3|3|1|31|0|990.53|115
0292165|4|3|1|22|1|839.36|115
0569941|1|1|1|71|4|6797.9|767
0569941|2|2|2|74|4|0|767
0569941|3|3|1|13|2|0|767
0569941|4|3|2|39|1|1311.4|767
0388661|1|1|1|83|2|9594.98|190
0388661|2|2|1|87|1|3464.37|190
0365481|1|1|2|39|2|6621.57|282
0365481|2|2|2|70|2|6860.03|282
0365481|3|3|1|4|1|0|282
0411952|1|1|2|72|1|4341.14|346
0411952|2|2|2|58||7935.75|346
0411952|3|3|1|40|4|2703.53|346
0392000|1|1|1|57|1|1766.69|195
0392000|2|2|1|76|3|8701.79|195
0392000|3|3|1|21|3|3953.31|195
0392000|4|3|1|4|2|0|195
0392000|5|3|1|29|3|0|195
0392000|6|4|2|22|2|2791.16|195
0274989|1|1|2|87|4|6924.64|940
0274989|2|2|2|41|5|0|940
0274989|3|4|2|18|2|1679.07|940
0274989|4|4|2|22|0|601.29|940
0274989|5|3|2|34|2|3598.43|940
0274989|6|3|1|16|2|1537.11|940
0274989|7|3|1|5|2|0|940
0964660|1|1|2|38|1|0|287
0964660|2|2|1|47|4|8474.48|287
0964660|3|4|1|19|4|2350.25|287
0931596|1|1|1|85|4|15229.59|916
0931596|2|2|1|76|2|8466.7|916
0931596|3|3|2|15|3|3420|916
0931596|4|3|2|36|3|1976.22|916
0931596|5|3|1|26|3|0|916
0931596|6|3|1|32|1|1340.75|916
0868211|1|1|1|84|2|0|960
0868211|2|2|2|27|3|2288.77|960
0868211|3|3|1|25|1|1239.92|960
0868211|4|3|2|23|2|1637|960
0868211|5|3|2|14|2|0|960
0541406|1|1|2|51|3|2552.35|255
0541406|2|2|2|57|2|4181.41|255
0567151|1|1|2|68|1|4599.86|1131
0567151|2|2|2|67|4|13928.17|1131
0567151|3|4|2|23|2|1397.01|1131
0626470|1|1|2|68|4|20080.55|1287
0626470|2|2|2|68|4|28005.26|1287
0283319|1|1|1|48|1|2370.14|1194
0283319|2|2|2|27|2|2625.22|1194
0283319|3|4|2|17|4|3677.32|1194
0677028|1|1|1|37|2|3007.1|161
0677028|2|2|1|29|4|0|161
0208491|1|1|2|65|3|14826.73|1002
0208491|2|2|1|65|1|13361.49|1002
0208491|3|3|1|1|0|0|1002
0208491|4|4|1|31|4|3118.93|1002
0208491|5|4|1|36|3|3018.8|1002
0208491|6|4|1|28|1|1267.53|1002
0841689|1|1|1|54|3|7367.39|1069
0841689|2|2|1|55|2|0|1069
0841689|3|3|1|19|4|0|1069
0841689|4|3|2|16|2|4716.5|1069
0841689|5|3|2|23|4|0|1069
0841689|6|3|1|18|5|6068.55|1069
0916213|1|1|2|87|3|51250.01|278
0916213|2|2|1|68|4|8444.88|278
0916213|3|3|2|11|5|0|278
0916213|4|3|2|18|4|4773.44|278
0455771|1|1|1|32|4|2963.89|1143
0455771|2|2|1|84|2|4773.78|1143
0455771|3|3|2|8|1|0|1143
0455771|4|3|1|18|4|6572.63|1143
0573105|1|1|1|48|4|13949.93|120
0573105|2|2|2|59|2|5571.02|120
0600339|1|1|1|999|2|4844.94|761
0600339|2|2|2|54|3|12877.43|761
0381418|1|1|1|31|4|12779.95|1244
0755952|1|1|1|66|4|15529.91|1202
0509528|1|1|2|57|2|0|1162
0509528|2|2|1|30|2|1604.37|1162
0509528|3|4|2|19|1|1090.29|1162
0177737|1|1|1|59|4|4172.7|205
0177737|2|2|2|40|4|4773.73|205
0177737|3|3|2|38|2|0|205
0328259|1|1|1|26|2|1613.78|506
0328259|2|2|1|67|5|n.d.|506
0328259|3|3|1|37|1|1930.97|506
0328259|4|3|2|9|3|0|506
0979593|1|1|2|60|4|8879.27|666
0979593|2|2|1|64|0|0|666
0979593|3|3|1|18|3|1542.54|666
0979593|4|3|1|7|1|0|666
0376080|1|1|1|82|2|5454.49|777
0376080|2|2|2|75|4|9159.23|777
0186925|1|1|2|37|5|6697.25|1020
0186925|2|2|1|67|2|3162.34|1020
0186925|3|3|2|29|1|575.04|1020
0507997|1|1|1|57|1|6110.96|1283
0507997|2|2|2|999|3|0|1283
0507997|3|3|1|6|3|0|1283
0615568|1|1|1|46|4|7896.38|960
0615568|2|2|2|83|1|0|960
0615568|3|3|2|16|2|2294.28|960
0615568|4|4|1|25|3|0|960
0615568|5|3|2|29|3|1045.84|960
0615568|6|3|2|20|3|1144.14|960
0184778|1|1|1|76|0|3200.13|479
0184778|2|2|2|72|2|6010.41|479
0184778|3|3|2|22|1|3355.2|479
0184778|4|3|1|11|3|0|479
0184778|5|3|1|34|4|3818.88|479
0332761|1|1|1|52|3|0|429
0332761|2|2|1|41|2|2808.81|429
0332761|3|3|2|15|2|1763.44|429
0332761|4|3|1|37|3|4963.29|429
0332761|5|3|1|10|4|0|429
0899429|1|1|2|34|5|4766.16|417
0899429|2|2|2|81|5|39010.37|417
0367395|1|1|1|82|1|2816.96|1087
0367395|2|2|2|64|5|13055.64|1087
0367395|3|3|2|17|1|676.14|1087
0367395|4|3|1|33|1|0|1087
0708855|1|1|2|47|0|0|909
0708855|2|2|2|34|1|1307.48|909
0708855|3|3|1|35|1|801.08|909
0708855|4|3|1|22|3|1456.06|909
0708855|5|4|2|999|4|0|909
0708855|6|3|2|2|4|0|909
0708855|7|4|1|5|2|0|909
0761028|1|1|1|68|2|1212.55|1161
0761028|2|2|2|33|1|2128.31|1161
0371814|1|1|2|30|0|1208.2|912
0371814|2|2|1|40|2|1542.22|912
0371814|3|3|2|26||1375.14|912
0371814|4|3|2|5|3|0|912
0371814|5|3|1|24|3|6302.31|912
0167443|1|1|1|28|3|2936.87|431
0167443|2|2|2|67|2|1976.98|431
0540057|1|1|1|75|0|0|1324
0442660|1|1|1|44|2|1280.29|652
0471589|1|1|1|75|3|2823.82|878
0471589|2|2|1|61|4|8257.13|878
0471589|3|3|1|8|3|0|878
0471589|4|3|1|25|1|1380.01|878
0471589|5|3|2|20|3|1730.4|878
0573499|1|1|2|27|1|1818.35|898
0573499|2|2|2|83|2|6198.42|898
0573499|3|3|2|21|4|4443.44|898
0573499|4|3|1|7|1|0|898
0573499|5|3|2|39|1|1129.16|898
0350078|1|1|1|73|2|3038.6|408
0350078|2|2|1|64|3|0|408
0350078|3|3|1|35|1|3033.98|408
0291525|1|1|1|75|4|0|311
0291525|2|2|2|67|4|12215.26|311
0291525|3|3|2|17|2|3980.75|311
0291525|4|3|1|17|2|0|311
0291525|5|4|1|34|3|2927.31|311
0419432|1|1|1|36|3|8311.29|1300
0419432|2|2|2|999|3|5922.42|1300
0542346|1|1|2|60|2|0|601
0542346|2|2|2|87|1|3979.78|601
0542346|3|3|1|3|5|0|601
0939440|1|1|2|25|4|5542.55|1053
0939440|2|2|2|65|4|0|1053
0939440|3|3|1|37|2|2931.7|1053
0920403|1|1|1|38|1|1665.22|502
0920403|2|2|1|63|4|22350.2|502
0920403|3|3|1|6|2|0|502
0920403|4|3|1|14|2|0|502
0577670|1|1|2|43|2|2483.95|1068
0577670|2|2|1|35|4|4008.25|1068
0478035|1|1|1|39|3|5663.45|537
0478035|2|2|1|46|3|6331.54|537
0638272|1|1|1|44|3|2918.93|882
0638272|2|2|1|39|5|19903.88|882
0638272|3|3|2|30|2|4164.57|882
0212088|1|1|1|45|2|2403.69|420
0144499|1|1|1|52|2|6754.73|106
0144499|2|2|2|45|1|1783.09|106
0991959|1|1|1|44|2|0|368
0991959|2|2|2|51|4|8650.08|368
0991959|3|3|1|0|3|0|368
0991959|4|3|1|25|1|913.37|368
0991959|5|3|2|19|1|834.13|368
0679752|1|1|1|56|2|1804.22|877
0679752|2|2|2|56|5|16053.18|877
0679752|3|3|2|30|0|294|877
0694714|1|1|1|87|4|26032.7|1329
0694714|2|2|2|72|1|5236.16|1329
0735561|1|1|1|64|2|20960.98|1042
0735561|2|2|1|73|5|11099.11|1042
0914591|1|1|2|45|2|3725.76|748
0897507|1|1|1|83|4|21188.77|1242
0897507|2|2|1|64|5|0|1242
0897507|3|3|2|35|3|4765.04|1242
0897507|4|4|2|19|3|8640.27|1242
0897507|5|3|1|37|0|1318.72|1242
0417066|1|1|1|72|2|4846.32|407
0417066|2|2|1|57|3|6521.16|407
0726308|1|1|2|75|1|2172.42|1027
0231361|1|1|1|63|1|0|128
0231361|2|2|2|47|2|0|128
0231361|3|3|2|38|4|0|128
0985102|1|1|1|65|2|7198.34|161
0985102|2|2|2|35|2|2728.91|161
0985102|3|4|1|1|0|0|161
0985102|4|3|2|37|4|2692.88|161
0187226|1|1|2|58|2|4891.67|187
0187226|2|2|2|81|4|10497.78|187
0193550|1|1|1|41|2|3230.78|1246
0193550|2|2|2|75|2|6517.65|1246
0639169|1|1|2|52|1|1994.83|509
0639169|2|2|2|38|4|6854.01|509
0639169|3|4|1|10|3|0|509
0639169|4|3|1|36|1|0|509
0562201|1|1|1|69|0|2792.62|889
0562201|2|2|2|999|2|1554.94|889
0512306|1|1|2|41|5|5625.25|215
0512306|2|2|2|68|3|5232.78|215
0512306|3|3|2|12|5|0|215
0385638|1|1|2|66|1|3154.05|1224
0385638|2|2|1|31|2|1206.44|1224
0385638|3|4|2|13|1|0|1224
0700328|1|1|1|75|1|0|1119
0700328|2|2|1|75|5|20973.61|1119
0700328|3|3|2|27|3|6924.91|1119
0700328|4|3|1|19|2|0|1119
0700328|5|3|1|16|1|2876.48|1119
0753603|1|1|1|51|4|7463.26|1005
0485104|1|1|1|49|3|5267.99|1381
0485104|2|2|1|33|4|1824.68|1381
0485104|3|3|1|11|5|0|1381
0485104|4|3|2|6|3|0|1381
0485104|5|4|1|21|4|4590.38|1381
0485104|6|3|2|20|3|0|1381
0485104|7|3|2|999|4|0|1381
0640319|1|1|2|45|1|0|1146
0640319|2|2|2|37|2|1631.3|1146
0688844|1|1|1|51|4|5709.8|1072
0679259|1|1|2|82|2|0|189
0679259|2|2|1|78|2|0|189
0679259|3|3|2|1|2|0|189
0679259|4|3|2|27|0|1966.64|189
0679259|5|3|2|22|3|2695.46|189
0881113|1|1|1|32|2|1475.55|353
0881113|2|2|2|56|1|3901.39|353
0881113|3|3|1|31|4|3682.37|353
0881113|4|3|1|6|3|0|353
0351565|1|1|1|45|0|2308.93|801
0351565|2|2|1|74|1|3878.57|801
0351565|3|3|2|29|2|4778.99|801
0991109|1|1|1|81|4|0|208
0991109|2|2|1|75|4|8033.69|208
0991109|3|3|1|30|2|13106.04|208
0991109|4|3|2|15|3|1945.43|208
0870685|1|1|1|75|1|4420.53|708
0163929|1|1|1|62|3|7231.48|407
0163929|2|2|2|62|3|7484.12|407
0163929|3|3|1|17|1|990.37|407
0163929|4|3|1|4|2|0|407
0163929|5|3|2|26|2|1914.21|407
0533953|1|1|1|24|4|7026.89|399
0533953|2|2|2|88|4|24031.98|399
0533953|3|3|2|33|2|4942.84|399
0372341|1|1|1|66|2|15843|507
0372341|2|2|1|46|2|0|507
0372341|3|3|2|35|2|831.36|507
0303461|1|1|2|70|3|6146.99|872
0303461|2|2|2|25|4|4658.02|872
0178337|1|1|2|41|4|10333.51|1212
0178337|2|2|1|79|2|4731.12|1212
0178337|3|3|2|12|3|0|1212
0403106|1|1|1|61|1|0|281
0403106|2|2|2|32|2|0|281
0403106|3|3|2|31|2|1500.99|281
0403106|4|3|2|24|1|2643.43|281
0297368|1|1|1|85|3|0|1152
0297368|2|2|1|72|1|3762.57|1152
0170985|1|1|1|43|2|4875.6|113
0170985|2|2|2|60|4|8303.72|113
0170985|3|3|2|19|2|2377.14|113
0972158|1|1|2|56|1|1885.12|585
0972158|2|2|2|84|2|0|585
0972158|3|3|1|11|1|0|585
0972158|4|3|1|28|2|1856.59|585
0972158|5|3|2|3|1|0|585
0972158|6|3|2|13|2|0|585
0972158|7|3|2|16|3|2062.2|585
0837592|1|1|1|24|2|1442|412
0837592|2|2|2|86|1|0|412
0837592|3|3|1|7|3|0|412
0837592|4|4|1|37|3|4130.84|412
0730698|1|1|1|28|4|5663.96|385
0929270|1|1|1|75|1|7368.02|601
0929270|2|2|2|78|2|14237.28|601
0189708|1|1|1|73|4|7530.6|332
0189708|2|2|1|65|4|9335.07|332
0461917|1|1|1|86|4|0|184
0461917|2|2|1|74|2|9835.89|184
0941181|1|1|1|59|1|2598.35|561
0941181|2|2|2|51|3|12142.78|561
0640287|1|1|1|67|0|0|1214
0640287|2|2|2|73|3|24201.06|1214
0640287|3|4|2|10|2|0|1214
0659103|1|1|2|29|4|16482.66|989
0659103|2|2|2|63|4|7134.16|989
0535686|1|1|1|61|2|0|872
0535686|2|2|1|43|2|3319.4|872
0535686|3|3|2|11|1|0|872
0535686|4|3|2|34|2|1554.37|872
0535686|5|3|1|40|1|0|872
0719452|1|1|2|53|2|4630.23|1146
0719452|2|2|2|33|1|1343.05|1146
0719452|3|3|2|11|5|0|1146
0453595|1|1|1|88|4|20053|313
0453595|2|2|2|79|2|0|313
0453595|3|3|1|25|4|0|313
0737523|1|1|1|48|4|2480.99|368
0737523|2|2|2|84|3|13234.46|368
0737523|3|3|1|21|1|0|368
0737523|4|3|1|28|1|0|368
0737523|5|3|1|8|5|0|368
0937175|1|1|1|67|2|6503.09|325
0967995|1|1|1|77|2|11456.42|763
0967995|2|2|1|31|1|0|763
0967995|3|3|2|16|0|1030.88|763
0967995|4|3|1|36|3|5080.7|763
0967995|5|3|2|35|2|1738.82|763
0967995|6|4|1|38|2|0|763
0967995|7|3|1|29|2|n.d.|763
0144694|1|1|1|36|3|0|1019
0144694|2|2|1|34|2|1436.66|1019
0348829|1|1|2|67|3|3923.48|554
0348829|2|2|2|49|3|9211.03|554
0348829|3|3|1|9|1|0|554
0351517|1|1|1|51|1|3207.26|1331
0351517|2|2|1|69|2|3937.22|1331
0351517|3|3|2|4|1|0|1331
0351517|4|3|1|33|2|3413.06|1331
0351517|5|3|2|1|4|0|1331
0824847|1|1|2|79|3|12152.18|539
0824847|2|2|2|76|1|9240.95|539
0824847|3|3|1|36|2|1337.94|539
0824847|4|3|1|14|2|0|539
0301564|1|1|1|61|5|30366.01|292
0301564|2|2|2|35|3|n.d.|292
0301564|3|4|1|19|4|1938.91|292
0301564|4|3|2|11|0|0|292
0301564|5|3|2|40|3|6728.42|292
0301564|6|3|2|1|1|0|292
0167973|1|1|2|72|2|0|652
0167973|2|2|1|39|2|4628.12|652
0686154|1|1|1|86|3|29030.87|790
0686154|2|2|1|76|1|3222.55|790
0172782|1|1|1|64|4|0|692
0172782|2|2|2|88|3|8495.16|692
0223191|1|1|1|46|3|4127.04|765
0223191|2|2|1|82|5|30640.83|765
0580499|1|1|1|81|1|10422.35|1080
0978078|1|1|1|33|1|0|1197
0978078|2|2|2|85|2|7409.48|1197
0978078|3|3|1|11|2|0|1197
0596869|1|1|2|31|4|4916.15|331
0596869|2|2|1|52|2|5325.03|331
0937139|1|1|1|70|1|3680.71|951
0937139|2|2|2|55|2|0|951
0937139|3|3|1|29|3|5867.97|951
0402916|1|1|1|33|3|0|203
0402916|2|2|1|77|3|12765.3|203
0402916|3|3|2|20|1|1648.82|203
0402916|4|3|1|6|4|0|203
0315580|1|1|1|51|1|0|1162
0315580|2|2|2|51|1|3400.89|1162
0315580|3|3|2|30|3|2121.91|1162
0788413|1|1|1|75|2|10304.89|469
0788413|2|2|1|45|3|0|469
0728632|1|1|1|57|4|6528.46|1079
0728632|2|2|1|83|1|10056.37|1079
0653401|1|1|1|58|3|3173.82|175
0653401|2|2|2|66|0|3012.26|175
0928966|1|1|1|64|3|0|248
0928966|2|2|2|60|4|32023.88|248
0928966|3|4|2|13|4|0|248
0928966|4|3|1|11|1|0|248
0928966|5|3|1|20|0|1521.24|248
0928966|6|3|1|20|3|8618.26|248
0928966|7|3|1|12|3|0|248
0505778|1|1|2|73|2|n.d.|673
0505778|2|2|1|47|1|3907.55|673
0505778|3|3|1|23|3|1726.71|673
0505778|4|3|2|22|2|1884.24|673
0505778|5|3|1|8|5|0|673
0287962|1|1|1|72|2|4005.5|104
0287962|2|2|2|75||5089.73|104
0287962|3|3|2|32|3|0|104
0991144|1|1|1|40|2|2688.21|723
0991144|2|2|2|76|4|8220.6|723
0991144|3|3|1|0|2|0|723
0991144|4|3|1|20|2|3034.09|723
0580515|1|1|2|48|2|4300.82|708
0580515|2|2|2|32|2|1310.41|708
0580515|3|3|2|3|2|0|708
0361683|1|1|1|70|0|6610.77|1045
0361683|2|2|1|85|1|1994.41|1045
0361683|3|4|1|5|3|0|1045
0153264|1|1|1|73|2|0|1245
0153264|2|2|1|30|3|2422.8|1245
0153264|3|3|2|28|3|2385.12|1245
0186917|1|1|2|45|1|1865.69|342
0186917|2|2|1|33|1|2122.64|342
0203905|1|1|1|78|1|4601.42|655
0203905|2|2|2|51|2|12467.43|655
0203905|3|3|2|3|3|0|655
0203905|4|3|1|40|2|1672.31|655
0203905|5|3|1|12|2|0|655
0316240|1|1|1|72|1|0|237
0316240|2|2|1|76|5|31478.44|237
0818265|1|1|1|30|3|3461|1017
0818265|2|2|2|83|5|21163.51|1017
0818265|3|3|1|22|1|1164.22|1017
0724878|1|1|1|78|2|6226.76|1346
0724878|2|2|2|83|4|37801.69|1346
0724878|3|3|2|33|4|2789.46|1346
0767218|1|1|2|57|0|0|1238
0767218|2|2|2|82|2|6139.52|1238
0678614|1|1|1|78|3|17160.87|121
0678614|2|2|1|41|3|4396.95|121
0678614|3|3|1|15|2|3714.06|121
0678614|4|3|1|10|3|0|121
0203750|1|1|1|55|3|0|747
0203750|2|2|1|45|1|2295.24|747
0961990|1|1|2|35|1|1641.86|891
0478687|1|1|2|68|4|9642.64|238
0105232|1|1|2|48||0|349
0105232|2|2|1|69|4|8937.41|349
0851320|1|1|1|24|2|2830.42|1082
0851320|2|2|1|58|4|13581.55|1082
0833553|1|1|1|52|4|18171.92|794
0833553|2|2|1|69|2|14967.7|794
0833553|3|3|1|7|3|0|794
0833553|4|3|1|20|1|839.94|794
0833553|5|3|2|5|2|0|794
0479064|1|1|2|46|4|9010.87|243
0479064|2|2|2|49|2|2989.59|243
0479064|3|3|2|35|0|3290.45|243
0238127|1|1|1|37|1|2169.33|323
0828046|1|1|1|40|4|3793.38|619
0480845|1|1|1|58|1|4032.28|93
0480845|2|2|2|57|3|6272.27|93
0402541|1|1|1|25|4|2977.45|480
0402541|2|2|1|56|3|0|480
0402541|3|3|2|27|3|0|480
0402541|4|4|1|18|3|2926.8|480
0402541|5|3|2|4|2|0|480
0168472|1|1|1|56|3|0|446
0168472|2|2|1|30|5|10059.64|446
0588565|1|1|2|35|1|2289.81|556
0588565|2|2|1|71|3|6321.38|556
0588565|3|3|1|18|3|1617.01|556
0588565|4|3|1|36|2|1307.85|556
0253807|1|1|1|39|2|3467.3|245
0253807|2|2|2|86|4|25183.51|245
0253807|3|3|2|38|5|7371.3|245
0253807|4|3|2|11|1|0|245
0960950|1|1|1|88|1|4626.21|467
0960950|2|2|2|65|2|0|467
0960950|3|4|1|2|2|0|467
0598029|1|1|1|38|3|0|587
0598029|2|2|1|31|0|723.14|587
0586535|1|1|1|32|3|5173.93|1011
0586535|2|2|1|66|0|1482.69|1011
0586535|3|4|2|25|3|2331.12|1011
0521354|1|1|2|66|5|14496.14|527
0521354|2|2|2|38|4|4991.28|527
0313834|1|1|2|32|1|0|180
0313834|2|2|2|84|3|10108.01|180
0313834|3|3|2|35|2|1931.62|180
0656292|1|1|1|41|2|2904.77|155
0656292|2|2|1|36|3|2392.91|155
0656292|3|4|2|7|1|0|155
0656292|4|3|2|23|4|4580.93|155
0432520|1|1|2|53|3|2041.46|1221
0432520|2|2|1|55|2|3862.91|1221
0432520|3|3|2|9|1|0|1221
0562799|1|1|1|75|2|0|1117
0562799|2|2|2|67|3|8619.64|1117
0562799|3|3|1|13|2|0|1117
0531701|1|1|1|36|4|3555.85|509
0531701|2|2|2|82|4|14264.93|509
0531701|3|3|1|13|3|0|509
0531701|4|4|2|35|2|2019.84|509
0531701|5|3|2|2|5|0|509
0773815|1|1|1|79|4|17706.42|924
0773815|2|2|1|65|1|0|924
0773815|3|4|2|33|4|3578.29|924
0415700|1|1|1|24|2|0|1105
0415700|2|2|1|84|2|8913.54|1105
0415700|3|3|1|13|3|0|1105
0415700|4|3|1|22|4|2863.32|1105
0415700|5|4|2|38|4|5810.09|1105
0842767|1|1|1|81|1|n.d.|1329
0842767|2|2|1|84|1|2919.01|1329
0842767|3|4|1|18|2|2621.48|1329
0453617|1|1|2|52|4|10321.76|194
0453617|2|2|1|47|4|0|194
0453617|3|3|2|5|4|0|194
0924646|1|1|1|83|1|4664.1|1088
0924646|2|2|2|52|4|8491.83|1088
0924646|3|3|1|37|4|6616.6|1088
0460781|1|1|1|65|3|4416.5|1217
0623315|1|1|1|59|2|4182.22|601
0623315|2|2|1|70|1|3473.47|601
0488710|1|1|1|29|2|2357.33|127
0488710|2|2|2|72|2|0|127
0488710|3|3|2|3|3|0|127
0488710|4|3|2|27|1|1678.53|127
0488710|5|4|1|21|2|2515.08|127
0698561|1|1|1|38|3|3686.42|1275
0698561|2|2|1|37|3|1946.06|1275
0698561|3|4|2|18|1|0|1275
0698561|4|3|1|5|4|0|1275
0698561|5|3|1|40|2|8930.01|1275
0392637|1|1|1|48|1|3381.82|454
0392637|2|2|2|80|4|4808.23|454
0392637|3|3|1|17|0|385.78|454
0392637|4|3|2|35|4|0|454
0392637|5|3|1|1|5|0|454
0212559|1|1|1|33|2|4483.01|1303
0212559|2|2|1|49|1|2224.76|1303
0212559|3|3|1|32|1|1616.27|1303
0212559|4|3|2|20|2|3457.08|1303
0212559|5|3|2|30|0|0|1303
0689866|1|1|1|34|1|877.06|751
0689866|2|2|2|36|1|933.31|751
0689866|3|3|1|3|1|0|751
0689866|4|3|2|28|2|6020.14|751
0689866|5|3|2|9|3|0|751
0154442|1|1|1|62|0|4371.7|1147
0154442|2|2|2|34|2|8979.33|1147
0154442|3|3|1|18|5|5853.49|1147
0154442|4|4|1|21|1|1578.27|1147
0567841|1|1|1|61|3|6439.97|235
0567841|2|2|1|999|1|10673.31|235
0144949|1|1|2|80|2|8590.45|1139
0144949|2|2|1|56|3|8738.96|1139
0144949|3|3|1|20|2|1551.63|1139
0949843|1|1|1|71|2|0|987
0475916|1|1|1|39|4|3955.97|925
0475916|2|2|1|61|2|5126.76|925
0863706|1|1|2|51|3|4948.08|583
0863706|2|2|1|24|2|3191.65|583
0863706|3|3|1|1|1|0|583
0863706|4|3|2|39|4|3767.67|583
0863706|5|3|2|32|4|5259.36|583
0128908|1|1|1|78|1|6490.74|732
0128908|2|2|2|42|3|2636.19|732
0128908|3|3|1|23|1|798.11|732
0128908|4|3|1|4|4|0|732
0189397|1|1|1|51|2|8678.77|648
0189397|2|2|2|45|2|1623.98|648
0454578|1|1|1|24|3|4909.58|1366
0454578|2|2|1|25|4|6542.25|1366
0454578|3|3|2|5|2|0|1366
0739781|1|1|1|88|2|12960.8|1167
0739781|2|2|2|52|1|3047.67|1167
0178471|1|1|1|26|4|6216.47|682
0678571|1|1|2|62|4|3798.67|1171
0678571|2|2|2|39|1|2790.89|1171
0678571|3|3|2|0|1|0|1171
0678571|4|3|2|30|4|5919.97|1171
0752749|1|1|2|40|1|n.d.|638
0752749|2|2|2|41|4|9750.8|638
0344927|1|1|1|82|4|0|340
0344927|2|2|1|42|2|3094.39|340
0344927|3|3|2|16|1|456.14|340
0161417|1|1|2|62|2|9622.98|237
0944933|1|1|2|75|4|7420.7|1157
0944933|2|2|1|67|3|0|1157
0944933|3|3|1|0|4|0|1157
0944933|4|4|2|31|2|2206.3|1157
0944933|5|3|2|26|5|8824.88|1157
0553572|1|1|1|26|3|1334.25|807
0553572|2|2|2|33|4|6949.02|807
0553572|3|3|2|8|2|0|807
0553572|4|3|2|30|3|6611.52|807
0958650|1|1|1|82|4|22583.36|871
0958650|2|2|1|86|4|0|871
0958650|3|3|1|9|3|0|871
0958650|4|3|1|10|2|0|871
0958650|5|3|2|23|1|2771.04|871
0981872|1|1|2|44|2|1843.19|985
0981872|2|2|2|30|2|0|985
0981872|3|3|2|14|1|0|985
0981872|4|3|2|8|3|0|985
0981872|5|3|1|31|4|4641.21|985
0896446|1|1|2|52|2|6404.94|301
0896446|2|2|1|79|2|0|301
0219049|1|1|1|48|5|11921.3|1379
0219049|2|2|2|53|1|0|1379
0455914|1|1|1|70|3|19236.56|969
0455914|2|2|2|30|2|2204.02|969
0455914|3|3|1|999|1|3580.2|969
0455914|4|4|2|24|4|6070.06|969
0455914|5|4|2|25|2|1259.3|969
0438680|1|1|2|70|4|10587.36|293
0438680|2|2|2|40|4|19895.69|293
0438680|3|3|1|35|1|1099.76|293
0310949|1|1|2|48|1|0|317
0310949|2|2|1|77|5|0|317
0310949|3|3|2|16|1|0|317
0310949|4|3|1|29|3|993.73|317
0310949|5|3|2|25|5|5961.82|317
0313860|1|1|2|83|0|0|456
0313860|2|2|1|42|1|0|456
0313860|3|3|1|8|3|0|456
0313860|4|4|1|36|2|2035.22|456
0887714|1|1|1|34|1|2182.24|220
0887714|2|2|2|73|0|0|220
0887714|3|4|1|13|1|0|220
0336465|1|1|1|56|0|1845.89|317
0336465|2|2|1|53|2|2973.54|317
0651995|1|1|2|51|1|3902.18|865
0651995|2|2|2|46|1|2345.67|865
0603999|1|1|2|48|5|4834.65|1271
0603999|2|2|1|65|2|8156.71|1271
0514742|1|1|2|73|4|0|844
0514742|2|2|2|60|2|8962.55|844
0514742|3|3|2|29|5|3650.62|844
0514742|4|3|2|37|1|3886.49|844
0514742|5|4|2|19|4|4889.85|844
0514742|6|3|1|25|3|7397.3|844
0514742|7|3|2|38|4|0|844
0696834|1|1|2|46|2|0|299
0696834|2|2|1|29|2|1297.41|299
0420122|1|1|2|81||7006.18|1020
0420122|2|2|2|65|5|0|1020
0848828|1|1|2|82|4|n.d.|1395
0848828|2|2|1|35|2|0|1395
0848828|3|3|2|18|4|2998.91|1395
0472547|1|1|1|48|4|0|260
0472547|2|2|2|29|1|2907.17|260
0472547|3|3|2|17|3|3979.15|260
0472547|4|3|2|37|4|0|260
0472547|5|3|1|5|3|0|260
0377098|1|1|1|67|1|4031.38|687
0324860|1|1|1|62|0|0|546
0324860|2|2|1|76|3|10883.11|546
0324860|3|3|1|29|4|8206.95|546
0324860|4|3|2|25|3|3762.14|546
0324860|5|3|1|14|3|0|546
0324860|6|3|2|14|2|0|546
0324860|7|3|2|22|1|0|546
0901944|1|1|2|41|3|3330.3|418
0901944|2|2|1|73|3|17386.54|418
0901944|3|4|2|19|3|2762.06|418
0947281|1|1|1|80|4|15678.63|400
0947281|2|2|2|35|2|3386.05|400
0947281|3|4|2|2|2|0|400
0947281|4|3|2|1|1|0|400
0453243|1|1|1|82|1|5651.81|618
0453243|2|2|2|59|3|6214.73|618
0483817|1|1|1|59|2|0|588
0483817|2|2|2|71|3|8564.64|588
0483817|3|3|2|22|2|3394.01|588
0483817|4|4|2|34|3|0|588
0446984|1|1|2|79|4|20667.22|217
0446984|2|2|2|67|4|9133.72|217
0446984|3|3|2|38|3|0|217
0446984|4|3|2|26|3|7167.2|217
0446984|5|3|1|14|1|0|217
0503555|1|1|1|46|3|4091.46|232
0503555|2|2|2|63|1|0|232
0503555|3|3|2|35|2|0|232
0577033|1|1|1|55|3|6671.03|614
0577033|2|2|1|30|4|5441.25|614
0577033|3|3|2|33|5|20350.03|614
0929115|1|1|2|75|4|20563.01|799
0929115|2|2|2|81|2|10524.26|799
0548125|1|1|2|85|3|3127.42|121
0548125|2|2|2|67|1|2637.07|121
0548125|3|3|2|24|3|3068.94|121
0548125|4|3|1|32|1|n.d.|121
0548125|5|3|1|27|3|0|121
0481821|1|1|2|84|2|10117.67|949
0481821|2|2|2|67|5|5899.21|949
0481821|3|3|1|11|2|0|949
0664268|1|1|1|41|2|1906.74|981
0873267|1|1|1|66|0|0|300
0873267|2|2|2|79|1|3911.93|300
0873267|3|3|2|2|3|0|300
0873267|4|3|1|30|5|5581.37|300
0873267|5|3|2|14|1|0|300
0873267|6|3|2|8|2|0|300
0873267|7|4|2|4|4|0|300
0104119|1|1|2|61|1|2837.26|307
0104119|2|2|2|56|5|18553.72|307
0104119|3|3|1|26|1|0|307
0104119|4|4|2|13|2|0|307
0462194|1|1|1|74|5|14277.45|699
0462194|2|2|2|53|4|16907.14|699
0462194|3|3|1|7|1|0|699
0312737|1|1|1|39|2|2098.02|248
0312737|2|2|1|29|4|0|248
0312737|3|4|1|15|4|6257.13|248
0312737|4|3|1|15|2|2489.25|248
0312737|5|3|2|18|2|3419.32|248
0312737|6|3|1|35|4|3633.67|248
0333061|1|1|2|27|2|2295.43|446
0333061|2|2|2|87|5|35073.15|446
0333061|3|4|2|6|2|0|446
0333061|4|3|1|9|1|0|446
0575306|1|1|1|88|5|28506.85|1319
0575306|2|2|1|56|1|2133.47|1319
0575306|3|4|2|18|2|3151.54|1319
0575306|4|4|2|2|2|0|1319
0575306|5|3|1|30|0|5062.11|1319
0512567|1|1|1|71|4|20437.74|1108
0512567|2|2|1|72|1|0|1108
0512567|3|3|2|1|2|0|1108
0152914|1|1|1|75|2|0|321
0152914|2|2|2|67|1|3414.13|321
0644515|1|1|1|75|2|0|1283
0644515|2|2|1|28|4|6353.16|1283
0644515|3|3|2|7|5|0|1283
0337515|1|1|1|63|5|8294.78|383
0337515|2|2|1|29|2|1025.03|383
0148358|1|1|2|82|2|0|576
0148358|2|2|1|88|3|0|576
0148358|3|3|2|18|4|1565.57|576
0148358|4|4|2|40|2|0|576
0748409|1|1|1|71|1|5069.02|868
0748409|2|2|2|27|1|955.47|868
0748409|3|3|1|15|2|1735.88|868
0936834|1|1|1|78|2|0|1231
0936834|2|2|1|48|3|1388.08|1231
0936834|3|3|1|32|3|2402.37|1231
0936834|4|3|1|37|1|0|1231
0737602|1|1|1|68|3|14804.88|346
0466246|1|1|1|51|2|5377.35|243
0466246|2|2|1|76|1|1403.92|243
0466246|3|3|1|27|0|653.96|243
0466246|4|3|2|32|1|877.71|243
0163375|1|1|1|76|3|6066.88|915
0163375|2|2|2|46|1|0|915
0581445|1|1|1|67|3|7113.02|1031
0581445|2|2|2|55|2|2590.39|1031
0581445|3|3|1|37|1|1051.22|1031
0581445|4|3|1|26|4|2495.38|1031
0962196|1|1|1|30|1|894.42|800
0962196|2|2|2|45|4|4783.52|800
0432731|1|1|1|68|2|0|1106
0432731|2|2|1|40|2|2238.3|1106
0432731|3|3|1|36|3|7364.97|1106
0612996|1|1|2|85|3|20082.03|596
0612996|2|2|1|38|2|0|596
0612996|3|3|1|20|3|4036.28|596
0476225|1|1|1|40|5|0|993
0476225|2|2|2|65|3|n.d.|993
0476225|3|3|1|36|4|4294.63|993
0476225|4|3|1|28|2|3470.07|993
0476225|5|3|2|23|3|2510.5|993
0742641|1|1|2|50|2|1899.93|1301
0742641|2|2|2|80|2|10306.54|1301
0742641|3|3|2|29|2|2043.17|1301
0814023|1|1|2|59|1|2285.97|488
0814023|2|2|2|65|2|5687.96|488
0814023|3|3|2|35|5|7844.4|488
0722227|1|1|1|35|4|11456.6|974
0722227|2|2|1|31|4|4752.95|974
0722227|3|3|2|25|4|8804.2|974
0722227|4|4|1|16|2|3042.19|974
0781573|1|1|1|38|5|3839.1|616
0781573|2|2|1|88|2|11063.51|616
0781573|3|3|2|6|1|0|616
0432586|1|1|2|48|4|5319.89|994
0432586|2|2|1|81|0|3336.13|994
0432586|3|3|2|32|4|14130.72|994
0432586|4|4|1|2|3|0|994
0432586|5|3|2|23|2|4761.16|994
0432586|6|3|2|23|1|1263.24|994
0476450|1|1|1|37|3|3521.98|1175
0768030|1|1|1|38|2|2085|262
0768030|2|2|2|55|3|0|262
0768030|3|3|2|12|2|0|262
0730822|1|1|2|71|2|0|612
0730822|2|2|2|70|0|5378.01|612
0730822|3|3|1|5|3|0|612
0730822|4|3|1|32|1|0|612
0730822|5|3|2|31|2|0|612
0887034|1|1|1|27|1|1210.03|837
0887034|2|2|1|59|2|0|837
0887034|3|3|2|18|3|3184.46|837
0887034|4|3|2|31|1|1879.43|837
0887034|5|3|2|12|3|0|837
0955459|1|1|2|50|2|5432.26|830
0955459|2|2|2|28|4|3829.83|830
0955459|3|3|1|38|2|1911.99|830
0955459|4|3|1|25|2|0|830
0173231|1|1|1|54|2|0|1166
0173231|2|2|1|74|2|15734.36|1166
0206102|1|1|1|77|4|n.d.|670
0206102|2|2|1|28|4|3794.75|670
0206102|3|3|2|27|0|n.d.|670
0528046|1|1|2|38|2|5061.9|990
0838976|1|1|1|79|2|7341.58|549
0838976|2|2|1|54|3|4006.49|549
0838976|3|4|2|1|1|0|549
0838976|4|3|2|35|4|9472.27|549
0838976|5|3|2|8|5|0|549
0900511|1|1|1|48|2|3293.48|147
0900511|2|2|1|76|4|0|147
0900511|3|3|1|25|3|7564.84|147
0900511|4|3|1|22|4|5504.82|147
0993764|1|1|1|55|4|5915.47|779
0993764|2|2|2|31|2|1645.22|779
0423381|1|1|2|59|1|0|618
0423381|2|2|1|32|2|0|618
0423381|3|3|2|10|3|0|618
0761348|1|1|2|37|2|1392.13|96
0761348|2|2|2|74|3|6044.93|96
0761348|3|3|2|37|1|2271.03|96
0121038|1|1|2|59|3|0|1230
0121038|2|2|2|49|4|10069.51|1230
0121038|3|3|2|21|1|2104.24|1230
0121038|4|3|2|12|5|0|1230
0121038|5|3|2|10|5|0|1230
0873748|1|1|1|45|2|3641.63|1380
0567604|1|1|1|35|0|1674.41|676
0567604|2|2|2|77|0|4032.81|676
0206534|1|1|1|78|0|2856.99|1192
0206534|2|2|2|32|2|11762.72|1192
0793840|1|1|2|34|1|2950.23|1364
0793840|2|2|1|75|0|2516.99|1364
0793840|3|3|1|999|5|13156.88|1364
0793840|4|3|1|29|3|4378.33|1364
0677507|1|1|2|63|2|6455.77|1264
0677507|2|2|1|66|4|11395.22|1264
0677507|3|3|1|27|1|4553.3|1264
0677507|4|3|2|7|1|0|1264
0662343|1|1|1|31|2|4092.33|1219
0662343|2|2|2|41|1|2884.67|1219
0403501|1|1|1|54|4|11461.93|517
0403501|2|2|1|70|0|6068.54|517
0447481|1|1|1|58|1|2286.11|186
0447481|2|2|1|67|2|3842.76|186
0447481|3|3|1|8|3|0|186
0624236|1|1|1|32|1|1278.45|1004
0624236|2|2|2|84|2|14090.56|1004
0624236|3|3|2|20|5|7658.33|1004
0624236|4|3|1|11|0|0|1004
0624236|5|3|2|11|3|0|1004
0827079|1|1|1|57|2|n.d.|251
0645156|1|1|2|83|3|21773.74|308
0645156|2|2|1|58|4|6077.7|308
0645156|3|3|1|3|3|0|308
0617566|1|1|2|41|5|5804.93|403
0617566|2|2|1|46|3|4069.34|403
0617566|3|3|2|6|3|0|403
0965279|1|1|1|47|3|0|1036
0965279|2|2|2|78|3|0|1036
0965279|3|3|1|16|3|2929.19|1036
0965279|4|4|1|30|1|3650.65|1036
0965279|5|3|1|4|2|0|1036
0622742|1|1|1|52|1|4446.64|113
0622742|2|2|1|37|5|6534.34|113
0622742|3|3|2|38|2|0|113
0622742|4|3|2|25|2|3052.9|113
0301748|1|1|1|83|0|8064.41|896
0301748|2|2|2|44|1|1881.89|896
0301748|3|4|2|2|1|0|896
0301748|4|3|1|30|0|0|896
0301748|5|4|1|33|1|3257.12|896
0832337|1|1|1|84|2|11366.65|241
0832337|2|2|2|48|5|0|241
0832337|3|3|1|15|1|2266.67|241
0832337|4|3|2|27|3|3048.94|241
0432199|1|1|1|30|2|999.12|1127
0712798|1|1|2|44|4|2257.94|1333
0712798|2|2|2|33|1|2063.84|1333
0219524|1|1|2|30|3|4043.9|128
0219524|2|2|2|999|3|15074.69|128
0219524|3|3|1|17|3|0|128
0442340|1|1|1|28|1|2598.37|571
0442340|2|2|2|39|3|3964.42|571
0442340|3|3|2|18|0|898.31|571
0442340|4|3|1|17|4|5179.24|571
0442340|5|3|2|1|2|0|571
0483836|1|1|1|74|3|2915.31|87
0483836|2|2|2|84|2|7424.07|87
0483836|3|3|2|3||0|87
0760367|1|1|1|56|3|0|160
0162821|1|1|2|82|2|7866|191
0162821|2|2|1|54|3|3949.25|191
0162821|3|3|1|13|3|0|191
0162821|4|3|2|7|2|0|191
0162821|5|3|1|18|2|3310|191
0162821|6|3|2|32|3|3972.81|191
0162821|7|3|1|32|2|1270.7|191
0503692|1|1|1|58|2|4578.19|322
0503692|2|2|2|46|3|0|322
0864608|1|1|2|71|3|3811.08|678
0183351|1|1|1|64|5|46490.66|749
0183351|2|2|1|31|2|2651.4|749
0924868|1|1|1|56|4|0|1127
0924868|2|2|2|71|1|2386.37|1127
0924868|3|3|2|31|1|0|1127
0503208|1|1|1|31|5|6383.65|174
0503208|2|2|1|46|2|2979.2|174
0503208|3|3|1|37|1|2161.93|174
0503208|4|3|2|14|1|0|174
0503208|5|3|2|29|2|0|174
0477598|1|1|2|53|3|3464.98|139
0477598|2|2|2|61|2|2185.84|139
0477598|3|3|1|1|3|0|139
0841449|1|1|1|31|3|2185.83|844
0841449|2|2|2|63|3|6703.15|844
0841449|3|3|2|4|1|0|844
0841449|4|3|1|4|5|0|844
0841449|5|3|1|24||2360.2|844
0841449|6|3|1|22|5|10753.41|844
0841449|7|3|1|13|1|0|844
0432118|1|1|1|46|4|7811.85|1201
0707222|1|1|2|88|4|21383.56|793
0707222|2|2|1|34|0|n.d.|793
0707222|3|3|1|24|2|4894.81|793
0120311|1|1|1|75|2|5742.33|935
0120311|2|2|1|72|3|12904.71|935
0120311|3|4|2|4|1|0|935
0544673|1|1|2|61|1|4103.61|983
0544673|2|2|2|49|3|9646.88|983
0544673|3|4|1|10|1|0|983
0544673|4|3|1|7|1|0|983
0544673|5|3|1|35|2|4655.39|983
0886540|1|1|1|41|2|1886.22|443
0886540|2|2|1|57|2|5953.8|443
0886540|3|3|2|17|1|812.4|443
0886540|4|3|2|39|0|1434.76|443
0638250|1|1|2|44|3|4773.97|1064
0184725|1|1|1|81|2|6242.03|1177
0184725|2|2|2|72|1|0|1177
0184725|3|3|1|40|3|3477.65|1177
0184725|4|3|1|36|2|3968.8|1177
0184725|5|3|1|19|1|2513.78|1177
0184725|6|3|1|12|2|0|1177
0184725|7|3|1|9|2|0|1177
0493351|1|1|2|80|5|19088.88|947
0493351|2|2|2|36|2|2717.12|947
0640288|1|1|1|54|1|1370.3|558
0640288|2|2|2|50|4|0|558
0640288|3|3|1|0|4|0|558
0166480|1|1|2|58|2|2675.17|855
0166480|2|2|2|999|2|11008.49|855
0166480|3|4|2|20|1|2052.9|855
0432898|1|1|1|68|1|3087.92|1201
0432898|2|2|1|52|0|0|1201
0432898|3|3|1|34|3|0|1201
0432898|4|3|2|38|2|3240.45|1201
0432898|5|3|2|31|1|1799.48|1201
0918035|1|1|1|75|2|3733.49|255
0918035|2|2|1|71|1|0|255
0918035|3|3|2|30|4|0|255
0219410|1|1|1|59|5|27772.45|231
0219410|2|2|1|85|1|6286.5|231
0819183|1|1|1|43|4|0|668
0819183|2|2|2|58|1|0|668
0819183|3|3|2|40|3|2666.11|668
0249510|1|1|2|79|4|14919.68|762
0232427|1|1|1|87|3|0|653
0232427|2|2|1|69|5|0|653
0232427|3|3|1|3|2|0|653
0806961|1|1|2|32|3|3009.71|1309
0180168|1|1|2|61|2|3642.71|358
0180168|2|2|2|41|2|1882.66|358
0180168|3|3|1|40|0|990.97|358
0180168|4|3|2|28|3|0|358
0180168|5|4|2|22|1|909.51|358
0836204|1|1|1|73|3|0|1094
0836204|2|2|2|27|3|1912.03|1094
0836204|3|4|2|37|2|1341.19|1094
0836204|4|3|2|25|1|2063.01|1094
0255485|1|1|2|51|1|2427.47|664
0255485|2|2|2|76|1|2800.26|664
0255485|3|3|2|1|5|0|664
0666970|1|1|1|84|3|7327.72|1241
0666970|2|2|2|70|2|4977.5|1241
0547928|1|1|1|27|3|0|193
0547928|2|2|2|88|3|5983.09|193
0547928|3|3|1|5|3|0|193
0661044|1|1|1|37|4|22072.63|458
0661044|2|2|1|68|5|0|458
0776998|1|1|2|37|3|2384.05|926
0727594|1|1|1|39|0|909.41|782
0727594|2|2|2|47|2|6138.04|782
0727594|3|4|1|1|3|0|782
0588067|1|1|1|85|2|5293.27|406
0588067|2|2|2|26|3|3042.36|406
0588067|3|3|1|10|4|0|406
0588067|4|3|1|12|0|n.d.|406
0200181|1|1|1|80|1|0|866
0200181|2|2|1|34|1|1403.1|866
0200181|3|3|2|13|2|0|866
0200181|4|3|2|24|1|0|866
0143376|1|1|1|999|3|6560.94|491
0143376|2|2|1|55|1|3449.24|491
0621829|1|1|1|35|0|1361.16|178
0621829|2|2|2|29|2|2680.37|178
0621829|3|3|2|23|1|0|178
0611252|1|1|1|39|2|1193.89|653
0611252|2|2|2|76|3|9514.96|653
0611252|3|3|2|20|3|0|653
0611252|4|3|1|35|3|3052.15|653
0732013|1|1|2|41|2|3662.59|190
0732013|2|2|1|71|2|2966.67|190
0880496|1|1|2|70|5|9206.99|782
0880496|2|2|1|37|0|1296.18|782
0880496|3|3|1|36|1|2918.07|782
0880496|4|3|2|4|3|0|782
0833430|1|1|1|87|2|3704.82|406
0833430|2|2|1|39|1|3031.25|406
0833430|3|3|1|2|3|0|406
0950037|1|1|1|63|3|2472.68|704
0950037|2|2|2|56|4|6271.1|704
0950037|3|3|2|23|1|815.69|704
0979039|1|1|1|25|2|2491|943
0979039|2|2|1|87|4|0|943
0979039|3|3|2|13|2|0|943
0979039|4|3|1|26|2|977.72|943
0979039|5|4|2|23|2|4065.16|943
0467373|1|1|2|57|3|5889.88|328
0467373|2|2|1|39|4|32397.53|328
0467373|3|3|1|1|2|0|328
0467373|4|3|2|21|1|3391.65|328
0467373|5|3|2|36|1|0|328
0467373|6|4|1|36|4|3301.34|328
0467373|7|4|2|39|3|0|328
0512675|1|1|1|65|4|17873.66|862
0237575|1|1|2|28|2|0|187
0237575|2|2|2|83|4|25536.56|187
0237575|3|3|2|3|1|0|187
0293758|1|1|1|76|5|34169.04|304
0293758|2|2|2|50|2|2855.85|304
0293758|3|3|1|27|2|1680.91|304
0110709|1|1|2|30|1|2441.46|1147
0110709|2|2|1|67|3|7989.34|1147
0510362|1|1|1|28|2|0|912
0510362|2|2|1|25|2|2422.66|912
0757677|1|1|1|33|3|1952.55|1196
0757677|2|2|1|87|2|7798.05|1196
0757677|3|3|1|36|4|7943.95|1196
0757677|4|3|2|9|4|0|1196
0321246|1|1|2|77|3|9837.17|1006
0321246|2|2|1|30|1|1879.47|1006
0321246|3|4|1|16||0|1006
0705588|1|1|1|46|4|6997.29|284
0705588|2|2|1|29|2|1554.83|284
0705588|3|4|1|13|3|0|284
0705588|4|4|2|13|5|0|284
0705588|5|3|1|18|1|2849.55|284
0953955|1|1|1|61|4|9066.21|116
0953955|2|2|1|52|2|1435.46|116
0953955|3|3|1|36|2|1492.69|116
0932083|1|1|1|39|2|7103.44|1364
0932083|2|2|2|32|2|4301.96|1364
0932083|3|4|2|12|3|0|1364
0967556|1|1|2|74|2|5083.26|1030
0967556|2|2|1|51|2|3535.52|1030
0967556|3|4|1|4|4|0|1030
0967556|4|4|1|21|2|0|1030
0691494|1|1|2|40|2|2325.04|1241
0691494|2|2|1|26||2186.29|1241
0691494|3|3|2|15|0|606.47|1241
0238064|1|1|2|73|3|8256.14|98
0238064|2|2|2|72|1|3177.69|98
0238064|3|3|2|10|2|0|98
0238064|4|3|2|39|2|0|98
0674374|1|1|1|78|4|7650.82|419
0674374|2|2|2|64|3|7763.41|419
0955571|1|1|2|71|1|5199.67|432
0955571|2|2|2|73|4|12698.03|432
0955571|3|3|2|29|3|1796.09|432
0955571|4|3|1|40|2|9801.59|432
0955571|5|4|1|9|1|0|432
0955571|6|3|1|9|1|0|432
0487651|1|1|1|80|1|5501.97|1210
0487651|2|2|1|87|1|3730.98|1210
0487651|3|3|1|17|3|3815.63|1210
0487651|4|3|1|15|3|2970.7|1210
0487651|5|4|2|34|2|3970.33|1210
0487651|6|3|2|0|1|0|1210
0955676|1|1|1|87|2|11897.09|439
0955676|2|2|2|49|2|2148.47|439
0955676|3|3|1|6|3|0|439
0958558|1|1|2|79|0|4333.05|304
0958558|2|2|1|80|4|0|304
0905464|1|1|1|79|1|0|1151
0905464|2|2|2|67|4|7048.39|1151
0905464|3|3|2|29|3|7244.29|1151
0905464|4|3|1|33|4|5077.16|1151
0616046|1|1|1|25|4|3470.55|345
0616046|2|2|1|85|2|15645.7|345
0616046|3|4|2|31|2|3019.18|345
0616046|4|3|2|23|1|0|345
0616046|5|3|2|3|2|0|345
0839474|1|1|2|75|3|9884.47|862
0839474|2|2|2|43|2|4199.12|862
0839474|3|3|1|24|5|14567.72|862
0690411|1|1|1|55|2|0|230
0690411|2|2|2|33|4|0|230
0690411|3|3|2|28|3|0|230
0316155|1|1|1|73|4|11954.83|346
0316155|2|2|2|73|5|21264.18|346
0316155|3|3|2|19|3|6716.76|346
0316155|4|4|1|32|3|8875.41|346
0316155|5|3|2|3|1|0|346
0950440|1|1|1|72|1|3153.09|563
0950440|2|2|1|85|3|11158.35|563
0454499|1|1|2|80|4|0|981
0454499|2|2|2|67|1|2855.66|981
0454499|3|4|2|25|4|0|981
0454499|4|4|2|0|1|0|981
0733584|1|1|2|34|1|0|741
0947525|1|1|2|31|1|611.27|1302
0947525|2|2|2|37|1|1103.53|1302
0947525|3|3|1|24|5|8719.61|1302
0927459|1|1|1|53|2|5855.09|423
0927459|2|2|1|26|1|0|423
0691404|1|1|2|42|2|5447.29|947
0160328|1|1|2|65|2|4166.34|717
0160328|2|2|1|76|1|0|717
0160328|3|3|1|27|3|4771.15|717
0989857|1|1|2|39|1|2104.75|1153
0989857|2|2|1|33|1|1486.92|1153
0989857|3|3|2|4|2|0|1153
0560106|1|1|2|60|3|6699.31|161
0560106|2|2|1|25|4|2085.14|161
0560106|3|3|2|25|3|1993.51|161
0560106|4|3|1|23|1|861.61|161
0560106|5|3|2|15|2|1273.96|161
0714798|1|1|1|74|1|0|1277
0714798|2|2|2|55|2|0|1277
0714798|3|3|1|8|3|0|1277
0714798|4|4|2|19|1|1366.05|1277
0714798|5|3|1|19|1|1179.03|1277
0714798|6|3|2|31|4|6868.69|1277
0981075|1|1|2|30|2|2402.82|711
0981075|2|2|2|59|2|4856|711
0981075|3|3|1|28|1|1383.39|711
0215190|1|1|1|32|1|1211.91|1062
0139001|1|1|1|28|3|4294.31|517
0139001|2|2|1|86|3|15090.08|517
0139001|3|3|2|16|4|3632.81|517
0570497|1|1|2|43|3|3311.52|820
0570497|2|2|1|54|4|7954.56|820
0570497|3|4|2|12|3|0|820
0570497|4|3|1|9|4|0|820
0570497|5|3|2|34|1|1691.59|820
0269315|1|1|2|54|4|0|326
0269315|2|2|1|38|3|7773.47|326
0569859|1|1|1|81|1|0|902
0569859|2|2|1|82|5|21866.9|902
0569859|3|3|2|19|4|3004.02|902
0569859|4|3|2|8|1|0|902
0569859|5|3|1|33|2|0|902
0569859|6|4|2|39|5|0|902
0569859|7|3|2|13|3|0|902
0319599|1|1|2|45|3|4503.72|895
0319599|2|2|1|67|2|6030.02|895
0319599|3|3|2|9|4|0|895
0285799|1|1|1|70|2|5571.78|1362
0285799|2|2|1|28|0|1229.27|1362
0285799|3|4|2|11|1|0|1362
0307932|1|1|1|56|4|25757.54|974
0307932|2|2|2|41|5|7955.06|974
0307932|3|3|2|20|2|0|974
0307932|4|4|2|17|4|6075.5|974
0307932|5|3|1|7|1|0|974
0747504|1|1|1|55|4|28461.22|393
0107850|1|1|2|68|1|2298.05|330
0107850|2|2|2|25|4|0|330
0107850|3|3|1|31|1|0|330
0107850|4|3|2|31|4|0|330
0107850|5|3|1|24|1|1015.4|330
0205642|1|1|2|85|4|13789.8|583
0205642|2|2|1|24|3|5438.38|583
0827147|1|1|1|72|4|8366.55|504
0827147|2|2|2|30|1|0|504
0827147|3|3|1|1|4|0|504
0827147|4|3|2|4|0|0|504
0827147|5|3|2|11|2|0|504
0827147|6|3|2|6|2|0|504
0721197|1|1|2|86|5|69793.87|679
0721197|2|2|1|63|2|3116.5|679
0721197|3|3|2|36|4|4646.21|679
0968572|1|1|2|80|2|0|583
0968572|2|2|2|64|2|2932.59|583
0968572|3|4|1|8|1|0|583
0118281|1|1|2|79|4|9102.55|1113
0118281|2|2|2|84|3|24628.04|1113
0118281|3|3|2|2||0|1113
0217038|1|1|1|36|3|2082.53|888
0217038|2|2|2|38|3|5482.19|888
0217038|3|3|2|16|3|3760.91|888
0169184|1|1|2|78|2|0|1041
0169184|2|2|2|47|2|3320.18|1041
0169184|3|3|2|1|5|0|1041
0169184|4|3|2|7|2|0|1041
0447278|1|1|1|68|4|9311.09|939
0447278|2|2|1|70|2|5748.66|939
0447278|3|3|2|18|2|0|939
0447278|4|3|1|8|4|0|939
0140043|1|1|1|85|4|0|267
0967260|1|1|1|30|2|1857.21|858
0967260|2|2|2|53|4|3932.56|858
0967260|3|3|2|20|1|1548.62|858
0967260|4|3|1|31|1|0|858
0967260|5|3|1|26|3|5687.29|858
0812709|1|1|1|66|2|5900.75|793
0812709|2|2|1|35|3|1580.1|793
0812709|3|3|1|38|4|4263.36|793
